-0.19690E+02  0.00000E+00 -0.68997E+00  0.21844E+01  0.26617E+01 -0.68981E+00  0.21841E+01  0.26618E+01
-0.19492E+02 -0.83869E-19 -0.69026E+00  0.21874E+01  0.26606E+01 -0.68512E+00  0.21773E+01  0.26656E+01
-0.19295E+02 -0.16774E-18 -0.68649E+00  0.21867E+01  0.26623E+01 -0.67635E+00  0.21673E+01  0.26716E+01
-0.19097E+02 -0.37496E-17 -0.67883E+00  0.21825E+01  0.26667E+01 -0.66368E+00  0.21549E+01  0.26791E+01
-0.18899E+02 -0.33548E-18 -0.66761E+00  0.21753E+01  0.26736E+01 -0.64741E+00  0.21410E+01  0.26877E+01
-0.18701E+02 -0.17795E-16 -0.65321E+00  0.21659E+01  0.26825E+01 -0.62794E+00  0.21264E+01  0.26968E+01
-0.18503E+02 -0.74993E-17 -0.63613E+00  0.21550E+01  0.26931E+01 -0.60575E+00  0.21119E+01  0.27059E+01
-0.18305E+02 -0.10967E-16 -0.61690E+00  0.21434E+01  0.27051E+01 -0.58141E+00  0.20982E+01  0.27148E+01
-0.18107E+02 -0.67096E-18 -0.59608E+00  0.21315E+01  0.27185E+01 -0.55548E+00  0.20859E+01  0.27234E+01
-0.17909E+02 -0.45886E-16 -0.57423E+00  0.21198E+01  0.27331E+01 -0.52855E+00  0.20754E+01  0.27319E+01
-0.17711E+02 -0.35590E-16 -0.55188E+00  0.21085E+01  0.27494E+01 -0.50117E+00  0.20668E+01  0.27404E+01
-0.17514E+02 -0.25294E-16 -0.52949E+00  0.20974E+01  0.27676E+01 -0.47383E+00  0.20598E+01  0.27495E+01
-0.17316E+02 -0.14999E-16 -0.50743E+00  0.20862E+01  0.27883E+01 -0.44691E+00  0.20541E+01  0.27599E+01
-0.17118E+02 -0.32230E-16 -0.48595E+00  0.20744E+01  0.28120E+01 -0.42069E+00  0.20489E+01  0.27722E+01
-0.16920E+02 -0.21934E-16 -0.46520E+00  0.20616E+01  0.28391E+01 -0.39531E+00  0.20434E+01  0.27874E+01
-0.16722E+02 -0.11638E-16 -0.44519E+00  0.20469E+01  0.28700E+01 -0.37079E+00  0.20364E+01  0.28062E+01
-0.16524E+02 -0.13419E-17 -0.42584E+00  0.20300E+01  0.29049E+01 -0.34702E+00  0.20269E+01  0.28292E+01
-0.16326E+02  0.89540E-17 -0.40699E+00  0.20105E+01  0.29438E+01 -0.32382E+00  0.20142E+01  0.28569E+01
-0.16128E+02 -0.91772E-16 -0.38842E+00  0.19880E+01  0.29864E+01 -0.30094E+00  0.19977E+01  0.28892E+01
-0.15930E+02  0.29546E-16 -0.36990E+00  0.19627E+01  0.30320E+01 -0.27810E+00  0.19770E+01  0.29259E+01
-0.15732E+02 -0.71181E-16 -0.35118E+00  0.19346E+01  0.30800E+01 -0.25503E+00  0.19524E+01  0.29661E+01
-0.15535E+02  0.50138E-16 -0.33209E+00  0.19042E+01  0.31294E+01 -0.23153E+00  0.19240E+01  0.30090E+01
-0.15337E+02 -0.50589E-16 -0.31249E+00  0.18717E+01  0.31794E+01 -0.20743E+00  0.18925E+01  0.30536E+01
-0.15139E+02  0.70729E-16 -0.29236E+00  0.18380E+01  0.32289E+01 -0.18271E+00  0.18586E+01  0.30987E+01
-0.14941E+02 -0.29997E-16 -0.27177E+00  0.18034E+01  0.32771E+01 -0.15745E+00  0.18230E+01  0.31432E+01
-0.14743E+02  0.91321E-16 -0.25092E+00  0.17690E+01  0.33229E+01 -0.13187E+00  0.17868E+01  0.31861E+01
-0.14545E+02 -0.64459E-16 -0.23013E+00  0.17353E+01  0.33656E+01 -0.10636E+00  0.17508E+01  0.32263E+01
-0.14347E+02 -0.11013E-15 -0.20988E+00  0.17033E+01  0.34043E+01 -0.81452E-01  0.17161E+01  0.32631E+01
-0.14149E+02 -0.43867E-16 -0.19072E+00  0.16739E+01  0.34384E+01 -0.57849E-01  0.16838E+01  0.32957E+01
-0.13951E+02 -0.89540E-16 -0.17334E+00  0.16480E+01  0.34672E+01 -0.36370E-01  0.16549E+01  0.33233E+01
-0.13754E+02 -0.23276E-16 -0.15845E+00  0.16264E+01  0.34904E+01 -0.17931E-01  0.16307E+01  0.33456E+01
-0.13556E+02 -0.68948E-16 -0.14682E+00  0.16099E+01  0.35076E+01 -0.34803E-02  0.16120E+01  0.33621E+01
-0.13358E+02 -0.26838E-17 -0.13913E+00  0.15993E+01  0.35183E+01  0.60856E-02  0.16000E+01  0.33725E+01
-0.13160E+02 -0.48356E-16 -0.13598E+00  0.15951E+01  0.35226E+01  0.10011E-01  0.15951E+01  0.33766E+01
-0.12962E+02  0.17908E-16 -0.13778E+00  0.15974E+01  0.35203E+01  0.77699E-02  0.15978E+01  0.33744E+01
-0.12764E+02 -0.27764E-16 -0.14475E+00  0.16065E+01  0.35113E+01 -0.87468E-03  0.16082E+01  0.33657E+01
-0.12566E+02 -0.18354E-15 -0.15687E+00  0.16219E+01  0.34958E+01 -0.15850E-01  0.16258E+01  0.33509E+01
-0.12368E+02 -0.11728E-15 -0.17391E+00  0.16432E+01  0.34740E+01 -0.36803E-01  0.16501E+01  0.33300E+01
-0.12170E+02  0.59092E-16 -0.19546E+00  0.16698E+01  0.34461E+01 -0.63159E-01  0.16802E+01  0.33034E+01
-0.11973E+02  0.12536E-15 -0.22099E+00  0.17007E+01  0.34124E+01 -0.94201E-01  0.17150E+01  0.32713E+01
-0.11775E+02 -0.14236E-15 -0.24989E+00  0.17351E+01  0.33733E+01 -0.12915E+00  0.17533E+01  0.32343E+01
-0.11577E+02 -0.76097E-16 -0.28151E+00  0.17719E+01  0.33292E+01 -0.16720E+00  0.17940E+01  0.31928E+01
-0.11379E+02  0.10028E-15 -0.31521E+00  0.18103E+01  0.32806E+01 -0.20762E+00  0.18360E+01  0.31473E+01
-0.11181E+02  0.16654E-15 -0.35037E+00  0.18494E+01  0.32280E+01 -0.24969E+00  0.18781E+01  0.30986E+01
-0.10983E+02 -0.10118E-15 -0.38644E+00  0.18882E+01  0.31719E+01 -0.29280E+00  0.19193E+01  0.30472E+01
-0.10785E+02 -0.34913E-16 -0.42291E+00  0.19262E+01  0.31130E+01 -0.33639E+00  0.19589E+01  0.29938E+01
-0.10587E+02  0.14146E-15 -0.45930E+00  0.19625E+01  0.30519E+01 -0.37999E+00  0.19958E+01  0.29394E+01
-0.10389E+02  0.20772E-15 -0.49523E+00  0.19966E+01  0.29893E+01 -0.42316E+00  0.20292E+01  0.28846E+01
-0.10191E+02 -0.59994E-16 -0.53034E+00  0.20281E+01  0.29257E+01 -0.46555E+00  0.20585E+01  0.28305E+01
-0.99936E+01  0.62702E-17 -0.56430E+00  0.20564E+01  0.28619E+01 -0.50683E+00  0.20827E+01  0.27781E+01
-0.97957E+01  0.18264E-15 -0.59686E+00  0.20812E+01  0.27986E+01 -0.54673E+00  0.21013E+01  0.27284E+01
-0.95978E+01 -0.19518E-15 -0.62777E+00  0.21020E+01  0.27366E+01 -0.58498E+00  0.21134E+01  0.26825E+01
-0.93999E+01 -0.12892E-15 -0.65683E+00  0.21186E+01  0.26768E+01 -0.62137E+00  0.21185E+01  0.26414E+01
-0.92020E+01  0.15756E-15 -0.68384E+00  0.21304E+01  0.26201E+01 -0.65568E+00  0.21164E+01  0.26059E+01
-0.90041E+01 -0.22026E-15 -0.70863E+00  0.21370E+01  0.25674E+01 -0.68773E+00  0.21072E+01  0.25764E+01
-0.88062E+01 -0.15400E-15 -0.73107E+00  0.21380E+01  0.25200E+01 -0.71733E+00  0.20916E+01  0.25526E+01
-0.86083E+01 -0.87735E-16 -0.75100E+00  0.21329E+01  0.24787E+01 -0.74430E+00  0.20710E+01  0.25338E+01
-0.84104E+01 -0.21471E-16 -0.76830E+00  0.21216E+01  0.24443E+01 -0.76848E+00  0.20469E+01  0.25191E+01
-0.82125E+01 -0.17908E-15 -0.78286E+00  0.21047E+01  0.24168E+01 -0.78969E+00  0.20210E+01  0.25073E+01
-0.80147E+01 -0.11282E-15 -0.79455E+00  0.20834E+01  0.23956E+01 -0.80779E+00  0.19946E+01  0.24977E+01
-0.78168E+01 -0.46551E-16 -0.80328E+00  0.20593E+01  0.23797E+01 -0.82260E+00  0.19689E+01  0.24895E+01
-0.76189E+01  0.19713E-16 -0.80895E+00  0.20342E+01  0.23678E+01 -0.83398E+00  0.19447E+01  0.24823E+01
-0.74210E+01 -0.13790E-15 -0.81148E+00  0.20096E+01  0.23589E+01 -0.84179E+00  0.19229E+01  0.24759E+01
-0.72231E+01 -0.71632E-16 -0.81080E+00  0.19867E+01  0.23524E+01 -0.84592E+00  0.19039E+01  0.24703E+01
-0.70252E+01 -0.53676E-17 -0.80684E+00  0.19663E+01  0.23477E+01 -0.84626E+00  0.18881E+01  0.24654E+01
-0.68273E+01  0.60897E-16 -0.79957E+00  0.19491E+01  0.23447E+01 -0.84272E+00  0.18756E+01  0.24613E+01
-0.66294E+01 -0.96713E-16 -0.78897E+00  0.19354E+01  0.23432E+01 -0.83527E+00  0.18668E+01  0.24582E+01
-0.64315E+01 -0.30448E-16 -0.77507E+00  0.19257E+01  0.23433E+01 -0.82388E+00  0.18615E+01  0.24562E+01
-0.62336E+01  0.35816E-16 -0.75791E+00  0.19199E+01  0.23450E+01 -0.80861E+00  0.18600E+01  0.24555E+01
-0.60357E+01  0.10208E-15 -0.73758E+00  0.19183E+01  0.23483E+01 -0.78952E+00  0.18622E+01  0.24563E+01
-0.58378E+01 -0.55529E-16 -0.71422E+00  0.19209E+01  0.23535E+01 -0.76675E+00  0.18681E+01  0.24588E+01
-0.56399E+01  0.10735E-16 -0.68801E+00  0.19276E+01  0.23606E+01 -0.74051E+00  0.18777E+01  0.24630E+01
-0.54421E+01 -0.36709E-15 -0.65919E+00  0.19384E+01  0.23696E+01 -0.71105E+00  0.18908E+01  0.24691E+01
-0.52442E+01  0.14326E-15 -0.62804E+00  0.19533E+01  0.23808E+01 -0.67869E+00  0.19074E+01  0.24773E+01
-0.50463E+01 -0.23456E-15 -0.59490E+00  0.19722E+01  0.23941E+01 -0.64381E+00  0.19276E+01  0.24876E+01
-0.48484E+01 -0.39217E-15 -0.56014E+00  0.19949E+01  0.24095E+01 -0.60684E+00  0.19512E+01  0.24999E+01
-0.46505E+01  0.11818E-15 -0.52420E+00  0.20214E+01  0.24271E+01 -0.56827E+00  0.19782E+01  0.25144E+01
-0.44526E+01 -0.25964E-15 -0.48752E+00  0.20516E+01  0.24468E+01 -0.52863E+00  0.20085E+01  0.25310E+01
-0.42547E+01  0.25071E-15 -0.45057E+00  0.20852E+01  0.24686E+01 -0.48845E+00  0.20422E+01  0.25495E+01
-0.40568E+01  0.93102E-16 -0.41382E+00  0.21222E+01  0.24923E+01 -0.44830E+00  0.20790E+01  0.25699E+01
-0.38589E+01 -0.28472E-15 -0.37775E+00  0.21622E+01  0.25177E+01 -0.40871E+00  0.21190E+01  0.25919E+01
-0.36610E+01  0.22563E-15 -0.34276E+00  0.22052E+01  0.25447E+01 -0.37019E+00  0.21619E+01  0.26153E+01
-0.34631E+01 -0.15219E-15 -0.30927E+00  0.22506E+01  0.25730E+01 -0.33322E+00  0.22076E+01  0.26400E+01
-0.32652E+01 -0.30980E-15 -0.27759E+00  0.22982E+01  0.26025E+01 -0.29819E+00  0.22557E+01  0.26656E+01
-0.30673E+01  0.20055E-15 -0.24799E+00  0.23475E+01  0.26328E+01 -0.26543E+00  0.23058E+01  0.26919E+01
-0.28694E+01 -0.17727E-15 -0.22067E+00  0.23979E+01  0.26637E+01 -0.23518E+00  0.23575E+01  0.27186E+01
-0.26716E+01  0.33308E-15 -0.19575E+00  0.24488E+01  0.26949E+01 -0.20761E+00  0.24102E+01  0.27454E+01
-0.24737E+01  0.17547E-15 -0.17329E+00  0.24994E+01  0.27263E+01 -0.18278E+00  0.24631E+01  0.27721E+01
-0.22758E+01 -0.20236E-15 -0.15327E+00  0.25490E+01  0.27576E+01 -0.16071E+00  0.25156E+01  0.27984E+01
-0.20779E+01  0.30800E-15 -0.13565E+00  0.25967E+01  0.27886E+01 -0.14133E+00  0.25669E+01  0.28241E+01
-0.18800E+01 -0.69827E-16 -0.12031E+00  0.26418E+01  0.28190E+01 -0.12452E+00  0.26160E+01  0.28491E+01
-0.16821E+01  0.44053E-15 -0.10712E+00  0.26835E+01  0.28487E+01 -0.11014E+00  0.26621E+01  0.28731E+01
-0.14842E+01  0.28292E-15 -0.95937E-01  0.27211E+01  0.28773E+01 -0.98005E-01  0.27044E+01  0.28961E+01
-0.12863E+01 -0.94908E-16 -0.86587E-01  0.27542E+01  0.29044E+01 -0.87930E-01  0.27421E+01  0.29178E+01
-0.10884E+01  0.41545E-15 -0.78913E-01  0.27825E+01  0.29292E+01 -0.79725E-01  0.27745E+01  0.29380E+01
-0.89052E+00  0.37621E-16 -0.72766E-01  0.28060E+01  0.29512E+01 -0.73209E-01  0.28013E+01  0.29563E+01
-0.69262E+00 -0.11999E-15 -0.68012E-01  0.28247E+01  0.29697E+01 -0.68220E-01  0.28224E+01  0.29722E+01
-0.49473E+00  0.39037E-15 -0.64540E-01  0.28387E+01  0.29841E+01 -0.64615E-01  0.28378E+01  0.29850E+01
-0.29684E+00  0.12540E-16 -0.62267E-01  0.28481E+01  0.29939E+01 -0.62283E-01  0.28479E+01  0.29941E+01
-0.98947E-01 -0.36528E-15 -0.61141E-01  0.28528E+01  0.29988E+01 -0.61141E-01  0.28528E+01  0.29988E+01
 0.98947E-01  0.36528E-15 -0.61141E-01  0.28528E+01  0.29988E+01 -0.61141E-01  0.28528E+01  0.29988E+01
 0.29684E+00 -0.23276E-15 -0.62283E-01  0.28479E+01  0.29941E+01 -0.62267E-01  0.28481E+01  0.29939E+01
 0.49473E+00 -0.39037E-15 -0.64615E-01  0.28378E+01  0.29850E+01 -0.64540E-01  0.28387E+01  0.29841E+01
 0.69263E+00  0.34020E-15 -0.68220E-01  0.28224E+01  0.29722E+01 -0.68012E-01  0.28247E+01  0.29697E+01
 0.89052E+00 -0.25784E-15 -0.73209E-01  0.28013E+01  0.29563E+01 -0.72766E-01  0.28060E+01  0.29512E+01
 0.10884E+01 -0.41545E-15 -0.79725E-01  0.27745E+01  0.29380E+01 -0.78913E-01  0.27825E+01  0.29292E+01
 0.12863E+01  0.31512E-15 -0.87930E-01  0.27421E+01  0.29178E+01 -0.86587E-01  0.27542E+01  0.29044E+01
 0.14842E+01 -0.28292E-15 -0.98005E-01  0.27044E+01  0.28961E+01 -0.95937E-01  0.27211E+01  0.28773E+01
 0.16821E+01 -0.44053E-15 -0.11014E+00  0.26621E+01  0.28731E+01 -0.10712E+00  0.26835E+01  0.28487E+01
 0.18800E+01 -0.15039E-15 -0.12452E+00  0.26160E+01  0.28491E+01 -0.12031E+00  0.26418E+01  0.28190E+01
 0.20779E+01 -0.30800E-15 -0.14133E+00  0.25669E+01  0.28241E+01 -0.13565E+00  0.25967E+01  0.27886E+01
 0.22758E+01  0.42257E-15 -0.16071E+00  0.25156E+01  0.27984E+01 -0.15327E+00  0.25490E+01  0.27576E+01
 0.24737E+01 -0.17547E-15 -0.18278E+00  0.24631E+01  0.27721E+01 -0.17329E+00  0.24994E+01  0.27263E+01
 0.26716E+01 -0.33308E-15 -0.20761E+00  0.24102E+01  0.27454E+01 -0.19575E+00  0.24488E+01  0.26949E+01
 0.28694E+01 -0.42941E-16 -0.23518E+00  0.23575E+01  0.27186E+01 -0.22067E+00  0.23979E+01  0.26637E+01
 0.30673E+01 -0.20055E-15 -0.26543E+00  0.23058E+01  0.26919E+01 -0.24799E+00  0.23475E+01  0.26328E+01
 0.32652E+01 -0.35816E-15 -0.29819E+00  0.22557E+01  0.26656E+01 -0.27759E+00  0.22982E+01  0.26025E+01
 0.34631E+01 -0.68022E-16 -0.33322E+00  0.22076E+01  0.26400E+01 -0.30927E+00  0.22506E+01  0.25730E+01
 0.36610E+01 -0.22563E-15 -0.37019E+00  0.21619E+01  0.26153E+01 -0.34276E+00  0.22052E+01  0.25447E+01
 0.38589E+01 -0.38324E-15 -0.40871E+00  0.21190E+01  0.25919E+01 -0.37775E+00  0.21622E+01  0.25177E+01
 0.40568E+01 -0.93102E-16 -0.44830E+00  0.20790E+01  0.25699E+01 -0.41382E+00  0.21222E+01  0.24923E+01
 0.42547E+01 -0.25071E-15 -0.48845E+00  0.20422E+01  0.25495E+01 -0.45057E+00  0.20852E+01  0.24686E+01
 0.44526E+01  0.39426E-16 -0.52863E+00  0.20085E+01  0.25310E+01 -0.48752E+00  0.20516E+01  0.24468E+01
 0.46505E+01 -0.11818E-15 -0.56827E+00  0.19782E+01  0.25144E+01 -0.52420E+00  0.20214E+01  0.24271E+01
 0.48484E+01 -0.27579E-15 -0.60684E+00  0.19512E+01  0.24999E+01 -0.56014E+00  0.19949E+01  0.24095E+01
 0.50463E+01  0.14345E-16 -0.64381E+00  0.19276E+01  0.24876E+01 -0.59490E+00  0.19722E+01  0.23941E+01
 0.52442E+01 -0.14326E-15 -0.67869E+00  0.19074E+01  0.24773E+01 -0.62804E+00  0.19533E+01  0.23808E+01
 0.54420E+01  0.14687E-15 -0.71105E+00  0.18908E+01  0.24691E+01 -0.65919E+00  0.19384E+01  0.23696E+01
 0.56399E+01 -0.10735E-16 -0.74051E+00  0.18777E+01  0.24630E+01 -0.68801E+00  0.19276E+01  0.23606E+01
 0.58378E+01 -0.16834E-15 -0.76675E+00  0.18681E+01  0.24588E+01 -0.71422E+00  0.19209E+01  0.23535E+01
 0.60357E+01  0.12179E-15 -0.78952E+00  0.18622E+01  0.24563E+01 -0.73758E+00  0.19183E+01  0.23483E+01
 0.62336E+01 -0.35816E-16 -0.80861E+00  0.18600E+01  0.24555E+01 -0.75791E+00  0.19199E+01  0.23450E+01
 0.64315E+01 -0.19343E-15 -0.82388E+00  0.18615E+01  0.24562E+01 -0.77507E+00  0.19257E+01  0.23433E+01
 0.66294E+01  0.96713E-16 -0.83527E+00  0.18668E+01  0.24582E+01 -0.78897E+00  0.19354E+01  0.23432E+01
 0.68273E+01 -0.60897E-16 -0.84272E+00  0.18756E+01  0.24613E+01 -0.79957E+00  0.19491E+01  0.23447E+01
 0.70252E+01  0.22924E-15 -0.84626E+00  0.18881E+01  0.24654E+01 -0.80684E+00  0.19663E+01  0.23477E+01
 0.72231E+01  0.71632E-16 -0.84592E+00  0.19039E+01  0.24703E+01 -0.81080E+00  0.19867E+01  0.23524E+01
 0.74210E+01 -0.85977E-16 -0.84179E+00  0.19229E+01  0.24759E+01 -0.81148E+00  0.20096E+01  0.23589E+01
 0.76189E+01  0.20416E-15 -0.83398E+00  0.19447E+01  0.24823E+01 -0.80895E+00  0.20342E+01  0.23678E+01
 0.78168E+01  0.46551E-16 -0.82260E+00  0.19689E+01  0.24895E+01 -0.80328E+00  0.20593E+01  0.23797E+01
 0.80147E+01 -0.11106E-15 -0.80778E+00  0.19946E+01  0.24977E+01 -0.79455E+00  0.20834E+01  0.23956E+01
 0.82125E+01 -0.70910E-15 -0.78969E+00  0.20210E+01  0.25073E+01 -0.78286E+00  0.21047E+01  0.24168E+01
 0.84104E+01  0.21471E-16 -0.76848E+00  0.20469E+01  0.25191E+01 -0.76830E+00  0.21216E+01  0.24443E+01
 0.86083E+01  0.31161E-15 -0.74430E+00  0.20710E+01  0.25338E+01 -0.75100E+00  0.21329E+01  0.24787E+01
 0.88062E+01 -0.73418E-15 -0.71733E+00  0.20916E+01  0.25526E+01 -0.73107E+00  0.21380E+01  0.25200E+01
 0.90041E+01 -0.36101E-17 -0.68773E+00  0.21072E+01  0.25764E+01 -0.70863E+00  0.21370E+01  0.25674E+01
 0.92020E+01  0.28653E-15 -0.65568E+00  0.21164E+01  0.26059E+01 -0.68384E+00  0.21304E+01  0.26201E+01
 0.93999E+01 -0.75926E-15 -0.62137E+00  0.21185E+01  0.26414E+01 -0.65683E+00  0.21186E+01  0.26768E+01
 0.95978E+01 -0.46912E-15 -0.58498E+00  0.21134E+01  0.26825E+01 -0.62777E+00  0.21020E+01  0.27366E+01
 0.97957E+01  0.26145E-15 -0.54673E+00  0.21013E+01  0.27284E+01 -0.59686E+00  0.20812E+01  0.27986E+01
 0.99936E+01 -0.78434E-15 -0.50683E+00  0.20827E+01  0.27781E+01 -0.56430E+00  0.20564E+01  0.28619E+01
 0.10191E+02 -0.49420E-15 -0.46555E+00  0.20585E+01  0.28305E+01 -0.53034E+00  0.20281E+01  0.29257E+01
 0.10389E+02  0.23637E-15 -0.42316E+00  0.20292E+01  0.28846E+01 -0.49523E+00  0.19966E+01  0.29893E+01
 0.10587E+02 -0.80942E-15 -0.37999E+00  0.19958E+01  0.29394E+01 -0.45930E+00  0.19625E+01  0.30519E+01
 0.10785E+02 -0.51928E-15 -0.33639E+00  0.19589E+01  0.29938E+01 -0.42291E+00  0.19262E+01  0.31130E+01
 0.10983E+02  0.21129E-15 -0.29280E+00  0.19193E+01  0.30472E+01 -0.38644E+00  0.18882E+01  0.31719E+01
 0.11181E+02  0.50142E-15 -0.24969E+00  0.18781E+01  0.30986E+01 -0.35037E+00  0.18494E+01  0.32280E+01
 0.11379E+02 -0.54436E-15 -0.20762E+00  0.18360E+01  0.31473E+01 -0.31521E+00  0.18103E+01  0.32806E+01
 0.11577E+02  0.18620E-15 -0.16720E+00  0.17940E+01  0.31928E+01 -0.28151E+00  0.17719E+01  0.33292E+01
 0.11775E+02  0.47634E-15 -0.12915E+00  0.17533E+01  0.32343E+01 -0.24989E+00  0.17351E+01  0.33733E+01
 0.11973E+02 -0.56945E-15 -0.94201E-01  0.17150E+01  0.32713E+01 -0.22099E+00  0.17007E+01  0.34124E+01
 0.12170E+02  0.16112E-15 -0.63159E-01  0.16802E+01  0.33034E+01 -0.19546E+00  0.16698E+01  0.34461E+01
 0.12368E+02  0.45126E-15 -0.36803E-01  0.16501E+01  0.33300E+01 -0.17391E+00  0.16432E+01  0.34740E+01
 0.12566E+02 -0.59453E-15 -0.15850E-01  0.16258E+01  0.33509E+01 -0.15687E+00  0.16219E+01  0.34958E+01
 0.12764E+02 -0.30439E-15 -0.87464E-03  0.16082E+01  0.33657E+01 -0.14475E+00  0.16065E+01  0.35113E+01
 0.12962E+02  0.42618E-15  0.77699E-02  0.15978E+01  0.33744E+01 -0.13778E+00  0.15974E+01  0.35203E+01
 0.13160E+02 -0.61961E-15  0.10011E-01  0.15951E+01  0.33766E+01 -0.13598E+00  0.15951E+01  0.35226E+01
 0.13358E+02 -0.32947E-15  0.60857E-02  0.16000E+01  0.33725E+01 -0.13913E+00  0.15993E+01  0.35183E+01
 0.13556E+02  0.40110E-15 -0.34803E-02  0.16120E+01  0.33621E+01 -0.14682E+00  0.16099E+01  0.35076E+01
 0.13754E+02  0.69124E-15 -0.17931E-01  0.16307E+01  0.33456E+01 -0.15845E+00  0.16264E+01  0.34904E+01
 0.13951E+02 -0.35455E-15 -0.36370E-01  0.16549E+01  0.33233E+01 -0.17334E+00  0.16480E+01  0.34672E+01
 0.14149E+02  0.37602E-15 -0.57849E-01  0.16838E+01  0.32957E+01 -0.19072E+00  0.16739E+01  0.34384E+01
 0.14347E+02  0.66616E-15 -0.81452E-01  0.17161E+01  0.32631E+01 -0.20988E+00  0.17033E+01  0.34043E+01
 0.14545E+02 -0.37963E-15 -0.10636E+00  0.17508E+01  0.32263E+01 -0.23013E+00  0.17353E+01  0.33656E+01
 0.14743E+02  0.35094E-15 -0.13187E+00  0.17868E+01  0.31861E+01 -0.25092E+00  0.17690E+01  0.33229E+01
 0.14941E+02  0.64108E-15 -0.15745E+00  0.18230E+01  0.31432E+01 -0.27177E+00  0.18034E+01  0.32771E+01
 0.15139E+02 -0.40471E-15 -0.18271E+00  0.18586E+01  0.30987E+01 -0.29236E+00  0.18380E+01  0.32289E+01
 0.15337E+02 -0.11457E-15 -0.20743E+00  0.18925E+01  0.30536E+01 -0.31249E+00  0.18717E+01  0.31794E+01
 0.15535E+02  0.61600E-15 -0.23153E+00  0.19240E+01  0.30090E+01 -0.33209E+00  0.19042E+01  0.31294E+01
 0.15732E+02 -0.42979E-15 -0.25503E+00  0.19524E+01  0.29661E+01 -0.35118E+00  0.19346E+01  0.30800E+01
 0.15930E+02 -0.13965E-15 -0.27810E+00  0.19770E+01  0.29259E+01 -0.36990E+00  0.19627E+01  0.30320E+01
 0.16128E+02  0.59092E-15 -0.30094E+00  0.19977E+01  0.28892E+01 -0.38842E+00  0.19880E+01  0.29864E+01
 0.16326E+02  0.88105E-15 -0.32382E+00  0.20142E+01  0.28569E+01 -0.40699E+00  0.20105E+01  0.29438E+01
 0.16524E+02 -0.16473E-15 -0.34702E+00  0.20269E+01  0.28292E+01 -0.42584E+00  0.20300E+01  0.29049E+01
 0.16722E+02  0.56583E-15 -0.37079E+00  0.20364E+01  0.28062E+01 -0.44519E+00  0.20469E+01  0.28700E+01
 0.16920E+02  0.85597E-15 -0.39531E+00  0.20434E+01  0.27874E+01 -0.46520E+00  0.20616E+01  0.28391E+01
 0.17118E+02 -0.18982E-15 -0.42069E+00  0.20489E+01  0.27722E+01 -0.48595E+00  0.20744E+01  0.28120E+01
 0.17316E+02  0.54075E-15 -0.44691E+00  0.20541E+01  0.27599E+01 -0.50743E+00  0.20862E+01  0.27883E+01
 0.17514E+02  0.83089E-15 -0.47383E+00  0.20598E+01  0.27495E+01 -0.52949E+00  0.20974E+01  0.27676E+01
 0.17711E+02 -0.21490E-15 -0.50117E+00  0.20668E+01  0.27404E+01 -0.55188E+00  0.21085E+01  0.27494E+01
 0.17909E+02  0.75242E-16 -0.52855E+00  0.20754E+01  0.27319E+01 -0.57423E+00  0.21198E+01  0.27331E+01
 0.18107E+02  0.80581E-15 -0.55548E+00  0.20859E+01  0.27234E+01 -0.59608E+00  0.21315E+01  0.27185E+01
 0.18305E+02 -0.23998E-15 -0.58141E+00  0.20982E+01  0.27148E+01 -0.61690E+00  0.21434E+01  0.27051E+01
 0.18503E+02  0.50161E-16 -0.60575E+00  0.21119E+01  0.27059E+01 -0.63613E+00  0.21550E+01  0.26931E+01
 0.18701E+02  0.78073E-15 -0.62794E+00  0.21264E+01  0.26968E+01 -0.65321E+00  0.21659E+01  0.26825E+01
 0.18899E+02 -0.26506E-15 -0.64741E+00  0.21410E+01  0.26877E+01 -0.66761E+00  0.21753E+01  0.26736E+01
 0.19097E+02  0.25081E-16 -0.66368E+00  0.21549E+01  0.26791E+01 -0.67883E+00  0.21825E+01  0.26667E+01
 0.19295E+02  0.75565E-15 -0.67635E+00  0.21673E+01  0.26716E+01 -0.68649E+00  0.21867E+01  0.26623E+01
 0.19492E+02 -0.73057E-15 -0.68512E+00  0.21773E+01  0.26656E+01 -0.69026E+00  0.21874E+01  0.26606E+01
 0.19690E+02  0.00000E+00 -0.68981E+00  0.21841E+01  0.26618E+01 -0.68997E+00  0.21844E+01  0.26617E+01
