-0.39980E+03  0.12624E-29  0.19546E-57 -0.31186E-45  0.72161E-45
-0.39960E+03  0.80922E-28  0.11838E-54 -0.19990E-43  0.46257E-43
-0.39940E+03  0.84477E-27  0.27170E-53 -0.20869E-42  0.48288E-42
-0.39920E+03  0.41128E-26  0.28974E-52 -0.10160E-41  0.23509E-41
-0.39900E+03  0.12896E-25  0.12281E-51 -0.31857E-41  0.73714E-41
-0.39880E+03  0.30025E-25  0.54546E-51 -0.74171E-41  0.17163E-40
-0.39860E+03  0.55970E-25  0.10886E-50 -0.13826E-40  0.31993E-40
-0.39840E+03  0.87388E-25  0.21506E-50 -0.21588E-40  0.49952E-40
-0.39820E+03  0.11777E-24  0.29684E-50 -0.29094E-40  0.67321E-40
-0.39800E+03  0.14023E-24  0.37130E-50 -0.34642E-40  0.80160E-40
-0.39780E+03  0.15082E-24  0.42466E-50 -0.37256E-40  0.86208E-40
-0.39760E+03  0.15033E-24  0.42331E-50 -0.37137E-40  0.85931E-40
-0.39740E+03  0.14372E-24  0.38872E-50 -0.35504E-40  0.82154E-40
-0.39720E+03  0.13779E-24  0.35897E-50 -0.34037E-40  0.78760E-40
-0.39700E+03  0.13906E-24  0.36643E-50 -0.34352E-40  0.79487E-40
-0.39680E+03  0.15310E-24  0.43438E-50 -0.37820E-40  0.87512E-40
-0.39660E+03  0.18465E-24  0.63415E-50 -0.45614E-40  0.10555E-39
-0.39640E+03  0.23716E-24  0.10549E-49 -0.58587E-40  0.13557E-39
-0.39620E+03  0.31068E-24  0.17954E-49 -0.76749E-40  0.17759E-39
-0.39600E+03  0.39916E-24  0.27605E-49 -0.98605E-40  0.22816E-39
-0.39580E+03  0.48960E-24  0.39161E-49 -0.12095E-39  0.27986E-39
-0.39560E+03  0.56515E-24  0.50814E-49 -0.13961E-39  0.32305E-39
-0.39540E+03  0.61133E-24  0.58748E-49 -0.15102E-39  0.34945E-39
-0.39520E+03  0.62241E-24  0.60925E-49 -0.15376E-39  0.35578E-39
-0.39500E+03  0.60407E-24  0.57384E-49 -0.14923E-39  0.34530E-39
-0.39480E+03  0.57108E-24  0.50581E-49 -0.14107E-39  0.32644E-39
-0.39460E+03  0.54175E-24  0.44689E-49 -0.13383E-39  0.30967E-39
-0.39440E+03  0.53290E-24  0.42946E-49 -0.13164E-39  0.30461E-39
-0.39420E+03  0.55746E-24  0.47460E-49 -0.13771E-39  0.31866E-39
-0.39400E+03  0.62414E-24  0.59504E-49 -0.15418E-39  0.35677E-39
-0.39380E+03  0.73628E-24  0.83103E-49 -0.18189E-39  0.42087E-39
-0.39360E+03  0.88875E-24  0.11995E-48 -0.21955E-39  0.50802E-39
-0.39340E+03  0.10644E-23  0.16292E-48 -0.26293E-39  0.60840E-39
-0.39320E+03  0.12343E-23  0.20530E-48 -0.30491E-39  0.70553E-39
-0.39300E+03  0.13652E-23  0.24130E-48 -0.33724E-39  0.78036E-39
-0.39280E+03  0.14313E-23  0.26055E-48 -0.35357E-39  0.81814E-39
-0.39260E+03  0.14254E-23  0.25868E-48 -0.35211E-39  0.81477E-39
-0.39240E+03  0.13625E-23  0.24065E-48 -0.33657E-39  0.77880E-39
-0.39220E+03  0.12739E-23  0.21549E-48 -0.31469E-39  0.72817E-39
-0.39200E+03  0.11964E-23  0.19348E-48 -0.29555E-39  0.68388E-39
-0.39180E+03  0.11623E-23  0.18413E-48 -0.28711E-39  0.66436E-39
-0.39160E+03  0.11949E-23  0.19337E-48 -0.29517E-39  0.68301E-39
-0.39140E+03  0.13080E-23  0.22498E-48 -0.32312E-39  0.74768E-39
-0.39120E+03  0.15041E-23  0.28565E-48 -0.37155E-39  0.85974E-39
-0.39100E+03  0.17691E-23  0.38734E-48 -0.43702E-39  0.10112E-38
-0.39080E+03  0.20679E-23  0.50530E-48 -0.51083E-39  0.11820E-38
-0.39060E+03  0.23464E-23  0.61780E-48 -0.57965E-39  0.13413E-38
-0.39040E+03  0.25459E-23  0.69709E-48 -0.62893E-39  0.14553E-38
-0.39020E+03  0.26241E-23  0.73231E-48 -0.64824E-39  0.15000E-38
-0.39000E+03  0.25736E-23  0.70926E-48 -0.63576E-39  0.14711E-38
-0.38980E+03  0.24259E-23  0.64012E-48 -0.59927E-39  0.13867E-38
-0.38960E+03  0.22395E-23  0.55497E-48 -0.55323E-39  0.12801E-38
-0.38940E+03  0.20794E-23  0.48420E-48 -0.51367E-39  0.11886E-38
-0.38920E+03  0.20002E-23  0.44693E-48 -0.49411E-39  0.11433E-38
-0.38900E+03  0.20394E-23  0.46431E-48 -0.50380E-39  0.11658E-38
-0.38880E+03  0.22171E-23  0.54992E-48 -0.54768E-39  0.12673E-38
-0.38860E+03  0.25332E-23  0.69887E-48 -0.62579E-39  0.14480E-38
-0.38840E+03  0.29600E-23  0.89365E-48 -0.73123E-39  0.16920E-38
-0.38820E+03  0.34342E-23  0.11166E-47 -0.84836E-39  0.19630E-38
-0.38800E+03  0.38626E-23  0.13241E-47 -0.95419E-39  0.22079E-38
-0.38780E+03  0.41475E-23  0.14600E-47 -0.10246E-38  0.23708E-38
-0.38760E+03  0.42232E-23  0.15002E-47 -0.10433E-38  0.24140E-38
-0.38740E+03  0.40850E-23  0.14235E-47 -0.10091E-38  0.23350E-38
-0.38720E+03  0.37931E-23  0.12474E-47 -0.93701E-39  0.21682E-38
-0.38700E+03  0.34488E-23  0.10573E-47 -0.85196E-39  0.19714E-38
-0.38680E+03  0.31591E-23  0.88964E-48 -0.78040E-39  0.18058E-38
-0.38660E+03  0.30097E-23  0.80478E-48 -0.74350E-39  0.17204E-38
-0.38640E+03  0.30563E-23  0.83244E-48 -0.75501E-39  0.17470E-38
-0.38620E+03  0.33262E-23  0.99532E-48 -0.82169E-39  0.19013E-38
-0.38600E+03  0.38156E-23  0.12956E-47 -0.94258E-39  0.21811E-38
-0.38580E+03  0.44756E-23  0.17101E-47 -0.11056E-38  0.25583E-38
-0.38560E+03  0.52000E-23  0.21934E-47 -0.12846E-38  0.29724E-38
-0.38540E+03  0.58358E-23  0.27116E-47 -0.14416E-38  0.33358E-38
-0.38520E+03  0.62268E-23  0.30293E-47 -0.15382E-38  0.35593E-38
-0.38500E+03  0.62744E-23  0.30707E-47 -0.15500E-38  0.35865E-38
-0.38480E+03  0.59827E-23  0.28356E-47 -0.14779E-38  0.34198E-38
-0.38460E+03  0.54597E-23  0.24111E-47 -0.13487E-38  0.31209E-38
-0.38440E+03  0.48734E-23  0.20221E-47 -0.12039E-38  0.27857E-38
-0.38420E+03  0.43915E-23  0.16896E-47 -0.10848E-38  0.25103E-38
-0.38400E+03  0.41412E-23  0.15241E-47 -0.10230E-38  0.23671E-38
-0.38380E+03  0.41999E-23  0.15621E-47 -0.10375E-38  0.24007E-38
-0.38360E+03  0.46036E-23  0.18444E-47 -0.11372E-38  0.26315E-38
-0.38340E+03  0.53427E-23  0.23808E-47 -0.13198E-38  0.30540E-38
-0.38320E+03  0.63380E-23  0.30526E-47 -0.15657E-38  0.36229E-38
-0.38300E+03  0.74192E-23  0.37911E-47 -0.18328E-38  0.42410E-38
-0.38280E+03  0.83426E-23  0.44234E-47 -0.20609E-38  0.47688E-38
-0.38260E+03  0.88644E-23  0.47721E-47 -0.21898E-38  0.50670E-38
-0.38240E+03  0.88404E-23  0.47565E-47 -0.21839E-38  0.50533E-38
-0.38220E+03  0.82957E-23  0.43659E-47 -0.20493E-38  0.47420E-38
-0.38200E+03  0.74165E-23  0.37451E-47 -0.18321E-38  0.42394E-38
-0.38180E+03  0.64722E-23  0.31045E-47 -0.15988E-38  0.36996E-38
-0.38160E+03  0.57166E-23  0.24321E-47 -0.14122E-38  0.32677E-38
-0.38140E+03  0.53288E-23  0.20342E-47 -0.13164E-38  0.30460E-38
-0.38120E+03  0.54110E-23  0.21224E-47 -0.13367E-38  0.30930E-38
-0.38100E+03  0.60088E-23  0.27958E-47 -0.14844E-38  0.34347E-38
-0.38080E+03  0.71062E-23  0.40072E-47 -0.17555E-38  0.40620E-38
-0.38060E+03  0.85824E-23  0.55477E-47 -0.21201E-38  0.49058E-38
-0.38040E+03  0.10172E-22  0.70664E-47 -0.25128E-38  0.58143E-38
-0.38020E+03  0.11494E-22  0.83143E-47 -0.28393E-38  0.65699E-38
-0.38000E+03  0.12174E-22  0.89611E-47 -0.30073E-38  0.69588E-38
-0.37980E+03  0.12007E-22  0.87964E-47 -0.29661E-38  0.68634E-38
-0.37960E+03  0.11060E-22  0.79361E-47 -0.27322E-38  0.63221E-38
-0.37940E+03  0.96461E-23  0.65486E-47 -0.23829E-38  0.55138E-38
-0.37920E+03  0.81868E-23  0.52154E-47 -0.20224E-38  0.46797E-38
-0.37900E+03  0.70539E-23  0.41737E-47 -0.17425E-38  0.40321E-38
-0.37880E+03  0.64881E-23  0.36607E-47 -0.16028E-38  0.37087E-38
-0.37860E+03  0.66150E-23  0.37781E-47 -0.16341E-38  0.37812E-38
-0.37840E+03  0.74920E-23  0.46030E-47 -0.18508E-38  0.42826E-38
-0.37820E+03  0.91000E-23  0.62123E-47 -0.22480E-38  0.52017E-38
-0.37800E+03  0.11263E-22  0.85664E-47 -0.27822E-38  0.64379E-38
-0.37780E+03  0.13574E-22  0.11291E-46 -0.33533E-38  0.77594E-38
-0.37760E+03  0.15448E-22  0.13574E-46 -0.38162E-38  0.88304E-38
-0.37740E+03  0.16316E-22  0.14694E-46 -0.40306E-38  0.93264E-38
-0.37720E+03  0.15891E-22  0.14115E-46 -0.39255E-38  0.90834E-38
-0.37700E+03  0.14319E-22  0.12169E-46 -0.35373E-38  0.81851E-38
-0.37680E+03  0.12119E-22  0.94488E-47 -0.29937E-38  0.69272E-38
-0.37660E+03  0.99358E-23  0.69468E-47 -0.24545E-38  0.56794E-38
-0.37640E+03  0.82988E-23  0.51229E-47 -0.20501E-38  0.47437E-38
-0.37620E+03  0.75128E-23  0.43128E-47 -0.18559E-38  0.42944E-38
-0.37600E+03  0.77196E-23  0.45188E-47 -0.19070E-38  0.44127E-38
-0.37580E+03  0.89933E-23  0.58677E-47 -0.22216E-38  0.51407E-38
-0.37560E+03  0.11322E-22  0.85384E-47 -0.27969E-38  0.64719E-38
-0.37540E+03  0.14461E-22  0.12101E-46 -0.35723E-38  0.82662E-38
-0.37520E+03  0.17799E-22  0.15801E-46 -0.43970E-38  0.10174E-37
-0.37500E+03  0.20436E-22  0.18334E-46 -0.50485E-38  0.11682E-37
-0.37480E+03  0.21517E-22  0.19539E-46 -0.53155E-38  0.12300E-37
-0.37460E+03  0.20649E-22  0.18560E-46 -0.51009E-38  0.11803E-37
-0.37440E+03  0.18125E-22  0.15635E-46 -0.44775E-38  0.10361E-37
-0.37420E+03  0.14786E-22  0.12248E-46 -0.36526E-38  0.84518E-38
-0.37400E+03  0.11608E-22  0.94314E-47 -0.28677E-38  0.66356E-38
-0.37380E+03  0.93192E-23  0.75335E-47 -0.23021E-38  0.53270E-38
-0.37360E+03  0.82751E-23  0.67680E-47 -0.20442E-38  0.47302E-38
-0.37340E+03  0.86151E-23  0.70073E-47 -0.21282E-38  0.49245E-38
-0.37320E+03  0.10441E-22  0.83322E-47 -0.25794E-38  0.59685E-38
-0.37300E+03  0.13779E-22  0.11082E-46 -0.34039E-38  0.78764E-38
-0.37280E+03  0.18302E-22  0.15507E-46 -0.45213E-38  0.10462E-37
-0.37260E+03  0.23098E-22  0.21332E-46 -0.57060E-38  0.13203E-37
-0.37240E+03  0.26792E-22  0.26073E-46 -0.66184E-38  0.15315E-37
-0.37220E+03  0.28099E-22  0.27798E-46 -0.69413E-38  0.16062E-37
-0.37200E+03  0.26495E-22  0.25567E-46 -0.65451E-38  0.15145E-37
-0.37180E+03  0.22536E-22  0.20175E-46 -0.55672E-38  0.12882E-37
-0.37160E+03  0.17573E-22  0.14159E-46 -0.43411E-38  0.10045E-37
-0.37140E+03  0.13059E-22  0.94923E-47 -0.32259E-38  0.74645E-38
-0.37120E+03  0.99559E-23  0.63612E-47 -0.24594E-38  0.56910E-38
-0.37100E+03  0.86294E-23  0.50493E-47 -0.21317E-38  0.49327E-38
-0.37080E+03  0.91764E-23  0.55463E-47 -0.22669E-38  0.52454E-38
-0.37060E+03  0.11755E-22  0.79087E-47 -0.29040E-38  0.67195E-38
-0.37040E+03  0.16491E-22  0.12296E-46 -0.40739E-38  0.94266E-38
-0.37020E+03  0.22974E-22  0.19712E-46 -0.56754E-38  0.13132E-37
-0.37000E+03  0.29844E-22  0.29179E-46 -0.73724E-38  0.17059E-37
-0.36980E+03  0.34999E-22  0.36128E-46 -0.86459E-38  0.20006E-37
-0.36960E+03  0.36515E-22  0.38235E-46 -0.90205E-38  0.20873E-37
-0.36940E+03  0.33717E-22  0.34298E-46 -0.83292E-38  0.19273E-37
-0.36920E+03  0.27618E-22  0.25890E-46 -0.68224E-38  0.15787E-37
-0.36900E+03  0.20368E-22  0.16057E-46 -0.50316E-38  0.11643E-37
-0.36880E+03  0.14101E-22  0.76989E-47 -0.34833E-38  0.80601E-38
-0.36860E+03  0.10031E-22  0.19825E-47 -0.24779E-38  0.57337E-38
-0.36840E+03  0.84254E-23 -0.27525E-48 -0.20814E-38  0.48161E-38
-0.36820E+03  0.92713E-23  0.97333E-48 -0.22903E-38  0.52996E-38
-0.36800E+03  0.12846E-22  0.62877E-47 -0.31733E-38  0.73427E-38
-0.36780E+03  0.19501E-22  0.15962E-46 -0.48175E-38  0.11147E-37
-0.36760E+03  0.28760E-22  0.29712E-46 -0.71047E-38  0.16440E-37
-0.36740E+03  0.38589E-22  0.45861E-46 -0.95327E-38  0.22058E-37
-0.36720E+03  0.45767E-22  0.58044E-46 -0.11306E-37  0.26161E-37
-0.36700E+03  0.47416E-22  0.60720E-46 -0.11713E-37  0.27104E-37
-0.36680E+03  0.42703E-22  0.52929E-46 -0.10549E-37  0.24410E-37
-0.36660E+03  0.33433E-22  0.38913E-46 -0.82591E-38  0.19111E-37
-0.36640E+03  0.23009E-22  0.21781E-46 -0.56839E-38  0.13152E-37
-0.36620E+03  0.14511E-22  0.87313E-47 -0.35846E-38  0.82946E-38
-0.36600E+03  0.93680E-23  0.71917E-48 -0.23142E-38  0.53549E-38
-0.36580E+03  0.75362E-23 -0.21099E-47 -0.18617E-38  0.43078E-38
-0.36560E+03  0.87767E-23 -0.17183E-48 -0.21681E-38  0.50169E-38
-0.36540E+03  0.13618E-22  0.77778E-47 -0.33642E-38  0.77844E-38
-0.36520E+03  0.22889E-22  0.25260E-46 -0.56542E-38  0.13083E-37
-0.36500E+03  0.36088E-22  0.50642E-46 -0.89148E-38  0.20628E-37
-0.36480E+03  0.50157E-22  0.78474E-46 -0.12390E-37  0.28670E-37
-0.36460E+03  0.60140E-22  0.97724E-46 -0.14856E-37  0.34377E-37
-0.36440E+03  0.61729E-22  0.10126E-45 -0.15249E-37  0.35285E-37
-0.36420E+03  0.53976E-22  0.85019E-46 -0.13334E-37  0.30854E-37
-0.36400E+03  0.40040E-22  0.56154E-46 -0.98911E-38  0.22887E-37
-0.36380E+03  0.25268E-22  0.30355E-46 -0.62419E-38  0.14443E-37
-0.36360E+03  0.14043E-22  0.18372E-46 -0.34691E-38  0.80273E-38
-0.36340E+03  0.78444E-23  0.15989E-46 -0.19378E-38  0.44840E-38
-0.36320E+03  0.59134E-23  0.16980E-46 -0.14608E-38  0.33802E-38
-0.36300E+03  0.76093E-23  0.15999E-46 -0.18797E-38  0.43496E-38
-0.36280E+03  0.13982E-22  0.15940E-46 -0.34541E-38  0.79925E-38
-0.36260E+03  0.26788E-22  0.22640E-46 -0.66175E-38  0.15312E-37
-0.36240E+03  0.45606E-22  0.39673E-46 -0.11266E-37  0.26069E-37
-0.36220E+03  0.65789E-22  0.67871E-46 -0.16252E-37  0.37606E-37
-0.36200E+03  0.79663E-22  0.87670E-46 -0.19679E-37  0.45537E-37
-0.36180E+03  0.80788E-22  0.89347E-46 -0.19957E-37  0.46180E-37
-0.36160E+03  0.68240E-22  0.75798E-46 -0.16857E-37  0.39007E-37
-0.36140E+03  0.47469E-22  0.55732E-46 -0.11726E-37  0.27134E-37
-0.36120E+03  0.26840E-22  0.42733E-46 -0.66305E-38  0.15342E-37
-0.36100E+03  0.12472E-22  0.40350E-46 -0.30810E-38  0.71292E-38
-0.36080E+03  0.54861E-23  0.39225E-46 -0.13552E-38  0.31359E-38
-0.36060E+03  0.36873E-23  0.39611E-46 -0.91089E-39  0.21077E-38
-0.36040E+03  0.57788E-23  0.39241E-46 -0.14276E-38  0.33033E-38
-0.36020E+03  0.13859E-22  0.41120E-46 -0.34235E-38  0.79218E-38
-0.36000E+03  0.31421E-22  0.53469E-46 -0.77619E-38  0.17961E-37
-0.35980E+03  0.58311E-22  0.87868E-46 -0.14405E-37  0.33331E-37
-0.35960E+03  0.87367E-22  0.13013E-45 -0.21583E-37  0.49940E-37
-0.35940E+03  0.10664E-21  0.17096E-45 -0.26345E-37  0.60959E-37
-0.35920E+03  0.10652E-21  0.17032E-45 -0.26314E-37  0.60888E-37
-0.35900E+03  0.86435E-22  0.12956E-45 -0.21352E-37  0.49408E-37
-0.35880E+03  0.55707E-22  0.90228E-46 -0.13761E-37  0.31843E-37
-0.35860E+03  0.27342E-22  0.58029E-46 -0.67543E-38  0.15629E-37
-0.35840E+03  0.96881E-23  0.50096E-46 -0.23933E-38  0.55379E-38
-0.35820E+03  0.26492E-23  0.53640E-46 -0.65444E-39  0.15143E-38
-0.35800E+03  0.13418E-23  0.55576E-46 -0.33147E-39  0.76700E-39
-0.35780E+03  0.34749E-23  0.52912E-46 -0.85841E-39  0.19863E-38
-0.35760E+03  0.13194E-22  0.50966E-46 -0.32594E-38  0.75421E-38
-0.35740E+03  0.37144E-22  0.63266E-46 -0.91759E-38  0.21232E-37
-0.35720E+03  0.75740E-22  0.11026E-45 -0.18710E-37  0.43294E-37
-0.35700E+03  0.11778E-21  0.17826E-45 -0.29094E-37  0.67322E-37
-0.35680E+03  0.14455E-21  0.23192E-45 -0.35708E-37  0.82625E-37
-0.35660E+03  0.14171E-21  0.22614E-45 -0.35007E-37  0.81004E-37
-0.35640E+03  0.10982E-21  0.16614E-45 -0.27130E-37  0.62776E-37
-0.35620E+03  0.64651E-22  0.93877E-46 -0.15971E-37  0.36956E-37
-0.35600E+03  0.26323E-22  0.60278E-46 -0.65026E-38  0.15047E-37
-0.35580E+03  0.58883E-23  0.11579E-45 -0.14546E-38  0.33659E-38
-0.35560E+03  0.34118E-24  0.19855E-45 -0.84283E-40  0.19503E-39
-0.35540E+03  0.65815E-26  0.22664E-45 -0.16259E-41  0.37621E-41
-0.35520E+03  0.12046E-23  0.17227E-45 -0.29757E-39  0.68856E-39
-0.35500E+03  0.11979E-22  0.83446E-46 -0.29592E-38  0.68473E-38
-0.35480E+03  0.44532E-22  0.61613E-46 -0.11001E-37  0.25455E-37
-0.35460E+03  0.10030E-21  0.17294E-45 -0.24776E-37  0.57330E-37
-0.35440E+03  0.16146E-21  0.32200E-45 -0.39886E-37  0.92294E-37
-0.35420E+03  0.19861E-21  0.43113E-45 -0.49062E-37  0.11353E-36
-0.35400E+03  0.19042E-21  0.40546E-45 -0.47040E-37  0.10885E-36
-0.35380E+03  0.14007E-21  0.26907E-45 -0.34603E-37  0.80069E-37
-0.35360E+03  0.74060E-22  0.16641E-45 -0.18295E-37  0.42334E-37
-0.35340E+03  0.23344E-22  0.15314E-45 -0.57668E-38  0.13344E-37
-0.35320E+03  0.19355E-23  0.26975E-45 -0.47813E-39  0.11063E-38
-0.35300E+03  0.77537E-24  0.40147E-45 -0.19154E-39  0.44321E-39
-0.35280E+03  0.19381E-23  0.43631E-45 -0.47878E-39  0.11079E-38
-0.35260E+03  0.30253E-26  0.34251E-45 -0.74735E-42  0.17293E-41
-0.35240E+03  0.10261E-22  0.19654E-45 -0.25348E-38  0.58653E-38
-0.35220E+03  0.54504E-22  0.16640E-45 -0.13464E-37  0.31156E-37
-0.35200E+03  0.13577E-21  0.33680E-45 -0.33540E-37  0.77609E-37
-0.35180E+03  0.22534E-21  0.63598E-45 -0.55667E-37  0.12881E-36
-0.35160E+03  0.27676E-21  0.83304E-45 -0.68369E-37  0.15820E-36
-0.35140E+03  0.25856E-21  0.76660E-45 -0.63872E-37  0.14780E-36
-0.35120E+03  0.17940E-21  0.58261E-45 -0.44317E-37  0.10255E-36
-0.35100E+03  0.83477E-22  0.62448E-45 -0.20621E-37  0.47717E-37
-0.35080E+03  0.18147E-22  0.10191E-44 -0.44828E-38  0.10373E-37
-0.35060E+03  0.99321E-26  0.16729E-44 -0.24536E-41  0.56773E-41
-0.35040E+03  0.83082E-23  0.21964E-44 -0.20524E-38  0.47491E-38
-0.35020E+03  0.11292E-22  0.22931E-44 -0.27896E-38  0.64549E-38
-0.35000E+03  0.17477E-23  0.18920E-44 -0.43175E-39  0.99903E-39
-0.34980E+03  0.81636E-23  0.12016E-44 -0.20167E-38  0.46664E-38
-0.34960E+03  0.68558E-22  0.65112E-45 -0.16936E-37  0.39189E-37
-0.34940E+03  0.18822E-21  0.59565E-45 -0.46496E-37  0.10759E-36
-0.34920E+03  0.32024E-21  0.91244E-45 -0.79110E-37  0.18305E-36
-0.34900E+03  0.39112E-21  0.11531E-44 -0.96620E-37  0.22357E-36
-0.34880E+03  0.35475E-21  0.10167E-44 -0.87636E-37  0.20278E-36
-0.34860E+03  0.23067E-21  0.67858E-45 -0.56982E-37  0.13185E-36
-0.34840E+03  0.92132E-22  0.12338E-44 -0.22760E-37  0.52664E-37
-0.34820E+03  0.11025E-22  0.27421E-44 -0.27234E-38  0.63018E-38
-0.34800E+03  0.47587E-23  0.46544E-44 -0.11756E-38  0.27202E-38
-0.34780E+03  0.30994E-22  0.60503E-44 -0.76564E-38  0.17716E-37
-0.34760E+03  0.35347E-22  0.62155E-44 -0.87318E-38  0.20205E-37
-0.34740E+03  0.96158E-23  0.50159E-44 -0.23754E-38  0.54965E-38
-0.34720E+03  0.58893E-23  0.30078E-44 -0.14548E-38  0.33664E-38
-0.34700E+03  0.89158E-22  0.11504E-44 -0.22025E-37  0.50964E-37
-0.34680E+03  0.26736E-21  0.18085E-45 -0.66047E-37  0.15283E-36
-0.34660E+03  0.46317E-21  0.14032E-45 -0.11442E-36  0.26475E-36
-0.34640E+03  0.56018E-21  0.30498E-45 -0.13838E-36  0.32021E-36
-0.34620E+03  0.49159E-21  0.20161E-45 -0.12144E-36  0.28100E-36
-0.34600E+03  0.29759E-21  0.28694E-45 -0.73514E-37  0.17011E-36
-0.34580E+03  0.98839E-22  0.15567E-44 -0.24416E-37  0.56498E-37
-0.34560E+03  0.35639E-23  0.42260E-44 -0.88041E-39  0.20372E-38
-0.34540E+03  0.25278E-22  0.73606E-44 -0.62446E-38  0.14450E-37
-0.34520E+03  0.83123E-22  0.94817E-44 -0.20534E-37  0.47514E-37
-0.34500E+03  0.86403E-22  0.95756E-44 -0.21344E-37  0.49389E-37
-0.34480E+03  0.28732E-22  0.75391E-44 -0.70978E-38  0.16424E-37
-0.34460E+03  0.37048E-23  0.43312E-44 -0.91520E-39  0.21177E-38
-0.34440E+03  0.12043E-21  0.16146E-44 -0.29750E-37  0.68838E-37
-0.34420E+03  0.38897E-21  0.69194E-45 -0.96087E-37  0.22234E-36
-0.34400E+03  0.68095E-21  0.13148E-44 -0.16822E-36  0.38924E-36
-0.34380E+03  0.81221E-21  0.21053E-44 -0.20064E-36  0.46427E-36
-0.34360E+03  0.68741E-21  0.11166E-44 -0.16981E-36  0.39294E-36
-0.34340E+03  0.38482E-21 -0.85452E-45 -0.95064E-37  0.21997E-36
-0.34320E+03  0.10191E-21 -0.16076E-44 -0.25175E-37  0.58254E-37
-0.34300E+03  0.40492E-25  0.67996E-46 -0.10003E-40  0.23146E-40
-0.34280E+03  0.78477E-22  0.28385E-44 -0.19386E-37  0.44859E-37
-0.34260E+03  0.18932E-21  0.47184E-44 -0.46768E-37  0.10822E-36
-0.34240E+03  0.18471E-21  0.46504E-44 -0.45630E-37  0.10558E-36
-0.34220E+03  0.67067E-22  0.26857E-44 -0.16568E-37  0.38337E-37
-0.34200E+03  0.18963E-23 -0.76165E-46 -0.46844E-39  0.10839E-38
-0.34180E+03  0.16936E-21 -0.15538E-44 -0.41838E-37  0.96810E-37
-0.34160E+03  0.57868E-21 -0.76875E-45 -0.14295E-36  0.33078E-36
-0.34140E+03  0.10160E-20  0.14199E-44 -0.25098E-36  0.58076E-36
-0.34120E+03  0.11905E-20  0.24856E-44 -0.29409E-36  0.68050E-36
-0.34100E+03  0.96887E-21  0.13496E-44 -0.23934E-36  0.55382E-36
-0.34080E+03  0.49810E-21 -0.46790E-45 -0.12305E-36  0.28472E-36
-0.34060E+03  0.99173E-22 -0.12529E-44 -0.24499E-37  0.56689E-37
-0.34040E+03  0.99776E-23 -0.50592E-45 -0.24648E-38  0.57033E-38
-0.34020E+03  0.19469E-21  0.43937E-45 -0.48096E-37  0.11129E-36
-0.34000E+03  0.39107E-21  0.64202E-45 -0.96608E-37  0.22354E-36
-0.33980E+03  0.36290E-21  0.64176E-45 -0.89649E-37  0.20744E-36
-0.33960E+03  0.13664E-21  0.66842E-45 -0.33754E-37  0.78104E-37
-0.33940E+03  0.68606E-24  0.41354E-45 -0.16948E-39  0.39216E-39
-0.33920E+03  0.24796E-21  0.64857E-45 -0.61255E-37  0.14174E-36
-0.33900E+03  0.87840E-21  0.31231E-44 -0.21699E-36  0.50210E-36
-0.33880E+03  0.15353E-20  0.72616E-44 -0.37927E-36  0.87761E-36
-0.33860E+03  0.17611E-20  0.86301E-44 -0.43505E-36  0.10067E-35
-0.33840E+03  0.13746E-20  0.67699E-44 -0.33956E-36  0.78571E-36
-0.33820E+03  0.64417E-21  0.43807E-44 -0.15913E-36  0.36822E-36
-0.33800E+03  0.88255E-22  0.35220E-44 -0.21802E-37  0.50448E-37
-0.33780E+03  0.52712E-22  0.45273E-44 -0.13021E-37  0.30131E-37
-0.33760E+03  0.42698E-21  0.43065E-44 -0.10548E-36  0.24407E-36
-0.33740E+03  0.75703E-21  0.29050E-44 -0.18701E-36  0.43273E-36
-0.33720E+03  0.67264E-21  0.33940E-44 -0.16616E-36  0.38449E-36
-0.33700E+03  0.25507E-21  0.51731E-44 -0.63011E-37  0.14580E-36
-0.33680E+03  0.12235E-24  0.30814E-44 -0.30225E-40  0.69937E-40
-0.33660E+03  0.37698E-21 -0.57921E-44 -0.93127E-37  0.21549E-36
-0.33640E+03  0.13566E-20 -0.16578E-43 -0.33512E-36  0.77545E-36
-0.33620E+03  0.23448E-20 -0.21766E-43 -0.57924E-36  0.13403E-35
-0.33600E+03  0.26249E-20 -0.22668E-43 -0.64843E-36  0.15004E-35
