-0.39980E+03  0.11312E-01  0.45229E-26  0.68325E-28  0.11312E-01  0.45237E-26  0.68450E-28
-0.39960E+03  0.11312E-01  0.28993E-24  0.43798E-26  0.11312E-01  0.28997E-24  0.43877E-26
-0.39940E+03  0.11312E-01  0.30266E-23  0.45721E-25  0.11312E-01  0.30271E-23  0.45805E-25
-0.39920E+03  0.11312E-01  0.14735E-22  0.22260E-24  0.11312E-01  0.14738E-22  0.22300E-24
-0.39900E+03  0.11312E-01  0.46202E-22  0.69795E-24  0.11312E-01  0.46210E-22  0.69922E-24
-0.39880E+03  0.11312E-01  0.10757E-21  0.16250E-23  0.11312E-01  0.10759E-21  0.16280E-23
-0.39860E+03  0.11312E-01  0.20053E-21  0.30293E-23  0.11312E-01  0.20056E-21  0.30348E-23
-0.39840E+03  0.11312E-01  0.31309E-21  0.47297E-23  0.11312E-01  0.31314E-21  0.47383E-23
-0.39820E+03  0.11312E-01  0.42196E-21  0.63742E-23  0.11312E-01  0.42203E-21  0.63859E-23
-0.39800E+03  0.11312E-01  0.50243E-21  0.75899E-23  0.11312E-01  0.50251E-21  0.76037E-23
-0.39780E+03  0.11312E-01  0.54034E-21  0.81626E-23  0.11312E-01  0.54043E-21  0.81774E-23
-0.39760E+03  0.11312E-01  0.53860E-21  0.81363E-23  0.11312E-01  0.53869E-21  0.81511E-23
-0.39740E+03  0.11312E-01  0.51493E-21  0.77787E-23  0.11312E-01  0.51501E-21  0.77929E-23
-0.39720E+03  0.11312E-01  0.49365E-21  0.74573E-23  0.11312E-01  0.49373E-21  0.74709E-23
-0.39700E+03  0.11312E-01  0.49821E-21  0.75262E-23  0.11312E-01  0.49829E-21  0.75399E-23
-0.39680E+03  0.11312E-01  0.54851E-21  0.82860E-23  0.11312E-01  0.54860E-21  0.83011E-23
-0.39660E+03  0.11312E-01  0.66156E-21  0.99938E-23  0.11312E-01  0.66167E-21  0.10012E-22
-0.39640E+03  0.11312E-01  0.84970E-21  0.12836E-22  0.11312E-01  0.84984E-21  0.12859E-22
-0.39620E+03  0.11312E-01  0.11131E-20  0.16815E-22  0.11312E-01  0.11133E-20  0.16846E-22
-0.39600E+03  0.11312E-01  0.14301E-20  0.21604E-22  0.11312E-01  0.14303E-20  0.21643E-22
-0.39580E+03  0.11312E-01  0.17541E-20  0.26499E-22  0.11312E-01  0.17544E-20  0.26547E-22
-0.39560E+03  0.11312E-01  0.20248E-20  0.30588E-22  0.11312E-01  0.20251E-20  0.30643E-22
-0.39540E+03  0.11312E-01  0.21903E-20  0.33087E-22  0.11312E-01  0.21906E-20  0.33147E-22
-0.39520E+03  0.11312E-01  0.22300E-20  0.33687E-22  0.11312E-01  0.22303E-20  0.33748E-22
-0.39500E+03  0.11312E-01  0.21643E-20  0.32694E-22  0.11312E-01  0.21646E-20  0.32754E-22
-0.39480E+03  0.11312E-01  0.20460E-20  0.30908E-22  0.11312E-01  0.20464E-20  0.30965E-22
-0.39460E+03  0.11312E-01  0.19410E-20  0.29321E-22  0.11312E-01  0.19413E-20  0.29374E-22
-0.39440E+03  0.11312E-01  0.19093E-20  0.28842E-22  0.11312E-01  0.19096E-20  0.28895E-22
-0.39420E+03  0.11312E-01  0.19973E-20  0.30172E-22  0.11312E-01  0.19976E-20  0.30227E-22
-0.39400E+03  0.11312E-01  0.22361E-20  0.33780E-22  0.11312E-01  0.22365E-20  0.33842E-22
-0.39380E+03  0.11312E-01  0.26379E-20  0.39850E-22  0.11312E-01  0.26384E-20  0.39922E-22
-0.39360E+03  0.11312E-01  0.31842E-20  0.48102E-22  0.11312E-01  0.31847E-20  0.48189E-22
-0.39340E+03  0.11312E-01  0.38133E-20  0.57606E-22  0.11312E-01  0.38140E-20  0.57711E-22
-0.39320E+03  0.11312E-01  0.44221E-20  0.66803E-22  0.11312E-01  0.44229E-20  0.66924E-22
-0.39300E+03  0.11312E-01  0.48911E-20  0.73887E-22  0.11312E-01  0.48919E-20  0.74022E-22
-0.39280E+03  0.11312E-01  0.51279E-20  0.77465E-22  0.11312E-01  0.51288E-20  0.77606E-22
-0.39260E+03  0.11312E-01  0.51068E-20  0.77145E-22  0.11312E-01  0.51076E-20  0.77286E-22
-0.39240E+03  0.11312E-01  0.48814E-20  0.73740E-22  0.11312E-01  0.48822E-20  0.73874E-22
-0.39220E+03  0.11312E-01  0.45641E-20  0.68947E-22  0.11312E-01  0.45648E-20  0.69072E-22
-0.39200E+03  0.11312E-01  0.42864E-20  0.64752E-22  0.11312E-01  0.42871E-20  0.64870E-22
-0.39180E+03  0.11312E-01  0.41641E-20  0.62905E-22  0.11312E-01  0.41648E-20  0.63019E-22
-0.39160E+03  0.11312E-01  0.42810E-20  0.64670E-22  0.11312E-01  0.42817E-20  0.64788E-22
-0.39140E+03  0.11312E-01  0.46863E-20  0.70794E-22  0.11312E-01  0.46871E-20  0.70923E-22
-0.39120E+03  0.11312E-01  0.53887E-20  0.81404E-22  0.11312E-01  0.53896E-20  0.81552E-22
-0.39100E+03  0.11312E-01  0.63382E-20  0.95747E-22  0.11312E-01  0.63392E-20  0.95921E-22
-0.39080E+03  0.11312E-01  0.74087E-20  0.11192E-21  0.11312E-01  0.74099E-20  0.11212E-21
-0.39060E+03  0.11312E-01  0.84068E-20  0.12700E-21  0.11312E-01  0.84082E-20  0.12723E-21
-0.39040E+03  0.11312E-01  0.91215E-20  0.13779E-21  0.11312E-01  0.91230E-20  0.13804E-21
-0.39020E+03  0.11312E-01  0.94016E-20  0.14202E-21  0.11312E-01  0.94032E-20  0.14228E-21
-0.39000E+03  0.11312E-01  0.92205E-20  0.13929E-21  0.11312E-01  0.92220E-20  0.13954E-21
-0.38980E+03  0.11312E-01  0.86914E-20  0.13130E-21  0.11312E-01  0.86928E-20  0.13153E-21
-0.38960E+03  0.11312E-01  0.80236E-20  0.12121E-21  0.11312E-01  0.80249E-20  0.12143E-21
-0.38940E+03  0.11312E-01  0.74499E-20  0.11254E-21  0.11312E-01  0.74512E-20  0.11275E-21
-0.38920E+03  0.11312E-01  0.71662E-20  0.10826E-21  0.11312E-01  0.71674E-20  0.10845E-21
-0.38900E+03  0.11312E-01  0.73067E-20  0.11038E-21  0.11312E-01  0.73079E-20  0.11058E-21
-0.38880E+03  0.11312E-01  0.79432E-20  0.11999E-21  0.11312E-01  0.79445E-20  0.12021E-21
-0.38860E+03  0.11312E-01  0.90760E-20  0.13711E-21  0.11312E-01  0.90775E-20  0.13736E-21
-0.38840E+03  0.11312E-01  0.10605E-19  0.16021E-21  0.11312E-01  0.10607E-19  0.16050E-21
-0.38820E+03  0.11312E-01  0.12304E-19  0.18587E-21  0.11312E-01  0.12306E-19  0.18621E-21
-0.38800E+03  0.11312E-01  0.13839E-19  0.20906E-21  0.11312E-01  0.13841E-19  0.20944E-21
-0.38780E+03  0.11312E-01  0.14860E-19  0.22448E-21  0.11312E-01  0.14862E-19  0.22488E-21
-0.38760E+03  0.11312E-01  0.15131E-19  0.22857E-21  0.11312E-01  0.15133E-19  0.22899E-21
-0.38740E+03  0.11312E-01  0.14636E-19  0.22109E-21  0.11312E-01  0.14638E-19  0.22149E-21
-0.38720E+03  0.11312E-01  0.13590E-19  0.20529E-21  0.11312E-01  0.13592E-19  0.20567E-21
-0.38700E+03  0.11312E-01  0.12356E-19  0.18666E-21  0.11312E-01  0.12358E-19  0.18700E-21
-0.38680E+03  0.11312E-01  0.11318E-19  0.17098E-21  0.11312E-01  0.11320E-19  0.17129E-21
-0.38660E+03  0.11312E-01  0.10783E-19  0.16289E-21  0.11312E-01  0.10785E-19  0.16319E-21
-0.38640E+03  0.11312E-01  0.10950E-19  0.16542E-21  0.11312E-01  0.10952E-19  0.16572E-21
-0.38620E+03  0.11312E-01  0.11917E-19  0.18003E-21  0.11312E-01  0.11919E-19  0.18035E-21
-0.38600E+03  0.11312E-01  0.13671E-19  0.20651E-21  0.11312E-01  0.13673E-19  0.20689E-21
-0.38580E+03  0.11312E-01  0.16035E-19  0.24223E-21  0.11312E-01  0.16038E-19  0.24267E-21
-0.38560E+03  0.11312E-01  0.18630E-19  0.28144E-21  0.11312E-01  0.18633E-19  0.28195E-21
-0.38540E+03  0.11312E-01  0.20908E-19  0.31585E-21  0.11312E-01  0.20912E-19  0.31643E-21
-0.38520E+03  0.11312E-01  0.22309E-19  0.33701E-21  0.11312E-01  0.22313E-19  0.33763E-21
-0.38500E+03  0.11312E-01  0.22480E-19  0.33959E-21  0.11312E-01  0.22483E-19  0.34020E-21
-0.38480E+03  0.11312E-01  0.21435E-19  0.32380E-21  0.11312E-01  0.21438E-19  0.32439E-21
-0.38460E+03  0.11312E-01  0.19561E-19  0.29550E-21  0.11312E-01  0.19564E-19  0.29604E-21
-0.38440E+03  0.11312E-01  0.17460E-19  0.26376E-21  0.11312E-01  0.17463E-19  0.26424E-21
-0.38420E+03  0.11312E-01  0.15734E-19  0.23768E-21  0.11312E-01  0.15736E-19  0.23811E-21
-0.38400E+03  0.11312E-01  0.14837E-19  0.22413E-21  0.11312E-01  0.14839E-19  0.22454E-21
-0.38380E+03  0.11312E-01  0.15047E-19  0.22731E-21  0.11312E-01  0.15050E-19  0.22772E-21
-0.38360E+03  0.11312E-01  0.16494E-19  0.24916E-21  0.11312E-01  0.16496E-19  0.24961E-21
-0.38340E+03  0.11312E-01  0.19142E-19  0.28916E-21  0.11312E-01  0.19145E-19  0.28969E-21
-0.38320E+03  0.11312E-01  0.22708E-19  0.34303E-21  0.11312E-01  0.22711E-19  0.34366E-21
-0.38300E+03  0.11312E-01  0.26582E-19  0.40155E-21  0.11312E-01  0.26586E-19  0.40228E-21
-0.38280E+03  0.11312E-01  0.29890E-19  0.45153E-21  0.11312E-01  0.29895E-19  0.45235E-21
-0.38260E+03  0.11312E-01  0.31759E-19  0.47977E-21  0.11312E-01  0.31764E-19  0.48064E-21
-0.38240E+03  0.11312E-01  0.31673E-19  0.47847E-21  0.11312E-01  0.31679E-19  0.47934E-21
-0.38220E+03  0.11312E-01  0.29722E-19  0.44899E-21  0.11312E-01  0.29727E-19  0.44981E-21
-0.38200E+03  0.11312E-01  0.26572E-19  0.40141E-21  0.11312E-01  0.26576E-19  0.40214E-21
-0.38180E+03  0.11312E-01  0.23188E-19  0.35029E-21  0.11312E-01  0.23192E-19  0.35093E-21
-0.38160E+03  0.11312E-01  0.20481E-19  0.30940E-21  0.11312E-01  0.20485E-19  0.30996E-21
-0.38140E+03  0.11312E-01  0.19092E-19  0.28841E-21  0.11312E-01  0.19095E-19  0.28894E-21
-0.38120E+03  0.11312E-01  0.19387E-19  0.29286E-21  0.11312E-01  0.19390E-19  0.29340E-21
-0.38100E+03  0.11312E-01  0.21528E-19  0.32521E-21  0.11312E-01  0.21532E-19  0.32580E-21
-0.38080E+03  0.11312E-01  0.25460E-19  0.38461E-21  0.11312E-01  0.25464E-19  0.38531E-21
-0.38060E+03  0.11312E-01  0.30749E-19  0.46450E-21  0.11312E-01  0.30754E-19  0.46535E-21
-0.38040E+03  0.11312E-01  0.36443E-19  0.55052E-21  0.11312E-01  0.36449E-19  0.55153E-21
-0.38020E+03  0.11312E-01  0.41179E-19  0.62207E-21  0.11312E-01  0.41186E-19  0.62320E-21
-0.38000E+03  0.11312E-01  0.43616E-19  0.65889E-21  0.11312E-01  0.43624E-19  0.66009E-21
-0.37980E+03  0.11312E-01  0.43019E-19  0.64986E-21  0.11312E-01  0.43026E-19  0.65104E-21
-0.37960E+03  0.11312E-01  0.39626E-19  0.59860E-21  0.11312E-01  0.39632E-19  0.59969E-21
-0.37940E+03  0.11312E-01  0.34560E-19  0.52207E-21  0.11312E-01  0.34565E-19  0.52303E-21
-0.37920E+03  0.11312E-01  0.29331E-19  0.44309E-21  0.11312E-01  0.29336E-19  0.44390E-21
-0.37900E+03  0.11312E-01  0.25273E-19  0.38178E-21  0.11312E-01  0.25277E-19  0.38247E-21
-0.37880E+03  0.11312E-01  0.23245E-19  0.35115E-21  0.11312E-01  0.23249E-19  0.35179E-21
-0.37860E+03  0.11312E-01  0.23700E-19  0.35802E-21  0.11312E-01  0.23704E-19  0.35868E-21
-0.37840E+03  0.11312E-01  0.26842E-19  0.40549E-21  0.11312E-01  0.26847E-19  0.40623E-21
-0.37820E+03  0.11312E-01  0.32603E-19  0.49252E-21  0.11312E-01  0.32609E-19  0.49341E-21
-0.37800E+03  0.11312E-01  0.40351E-19  0.60956E-21  0.11312E-01  0.40358E-19  0.61067E-21
-0.37780E+03  0.11312E-01  0.48634E-19  0.73469E-21  0.11312E-01  0.48642E-19  0.73603E-21
-0.37760E+03  0.11312E-01  0.55347E-19  0.83610E-21  0.11312E-01  0.55357E-19  0.83762E-21
-0.37740E+03  0.11312E-01  0.58456E-19  0.88307E-21  0.11312E-01  0.58466E-19  0.88468E-21
-0.37720E+03  0.11312E-01  0.56933E-19  0.86005E-21  0.11312E-01  0.56942E-19  0.86162E-21
-0.37700E+03  0.11312E-01  0.51303E-19  0.77500E-21  0.11312E-01  0.51311E-19  0.77641E-21
-0.37680E+03  0.11312E-01  0.43418E-19  0.65589E-21  0.11312E-01  0.43425E-19  0.65709E-21
-0.37660E+03  0.11312E-01  0.35598E-19  0.53775E-21  0.11312E-01  0.35603E-19  0.53873E-21
-0.37640E+03  0.11312E-01  0.29733E-19  0.44915E-21  0.11312E-01  0.29738E-19  0.44997E-21
-0.37620E+03  0.11312E-01  0.26917E-19  0.40661E-21  0.11312E-01  0.26921E-19  0.40735E-21
-0.37600E+03  0.11312E-01  0.27658E-19  0.41781E-21  0.11312E-01  0.27662E-19  0.41857E-21
-0.37580E+03  0.11312E-01  0.32221E-19  0.48674E-21  0.11312E-01  0.32226E-19  0.48763E-21
-0.37560E+03  0.11312E-01  0.40565E-19  0.61279E-21  0.11312E-01  0.40571E-19  0.61390E-21
-0.37540E+03  0.11312E-01  0.51811E-19  0.78267E-21  0.11312E-01  0.51819E-19  0.78410E-21
-0.37520E+03  0.11312E-01  0.63770E-19  0.96334E-21  0.11312E-01  0.63781E-19  0.96510E-21
-0.37500E+03  0.11312E-01  0.73219E-19  0.11061E-20  0.11312E-01  0.73231E-19  0.11081E-20
-0.37480E+03  0.11312E-01  0.77092E-19  0.11646E-20  0.11312E-01  0.77104E-19  0.11667E-20
-0.37460E+03  0.11312E-01  0.73980E-19  0.11176E-20  0.11312E-01  0.73992E-19  0.11196E-20
-0.37440E+03  0.11312E-01  0.64938E-19  0.98098E-21  0.11312E-01  0.64949E-19  0.98277E-21
-0.37420E+03  0.11312E-01  0.52975E-19  0.80026E-21  0.11312E-01  0.52983E-19  0.80171E-21
-0.37400E+03  0.11312E-01  0.41590E-19  0.62828E-21  0.11312E-01  0.41597E-19  0.62943E-21
-0.37380E+03  0.11312E-01  0.33389E-19  0.50438E-21  0.11312E-01  0.33394E-19  0.50530E-21
-0.37360E+03  0.11312E-01  0.29648E-19  0.44787E-21  0.11312E-01  0.29653E-19  0.44869E-21
-0.37340E+03  0.11312E-01  0.30866E-19  0.46627E-21  0.11312E-01  0.30871E-19  0.46712E-21
-0.37320E+03  0.11312E-01  0.37409E-19  0.56512E-21  0.11312E-01  0.37416E-19  0.56615E-21
-0.37300E+03  0.11312E-01  0.49368E-19  0.74577E-21  0.11312E-01  0.49376E-19  0.74712E-21
-0.37280E+03  0.11312E-01  0.65573E-19  0.99058E-21  0.11312E-01  0.65584E-19  0.99238E-21
-0.37260E+03  0.11312E-01  0.82756E-19  0.12501E-20  0.11312E-01  0.82769E-19  0.12524E-20
-0.37240E+03  0.11312E-01  0.95989E-19  0.14500E-20  0.11312E-01  0.96005E-19  0.14527E-20
-0.37220E+03  0.11312E-01  0.10067E-18  0.15208E-20  0.11312E-01  0.10069E-18  0.15235E-20
-0.37200E+03  0.11312E-01  0.94926E-19  0.14340E-20  0.11312E-01  0.94941E-19  0.14366E-20
-0.37180E+03  0.11312E-01  0.80743E-19  0.12197E-20  0.11312E-01  0.80756E-19  0.12220E-20
-0.37160E+03  0.11312E-01  0.62961E-19  0.95111E-21  0.11312E-01  0.62971E-19  0.95284E-21
-0.37140E+03  0.11312E-01  0.46786E-19  0.70677E-21  0.11312E-01  0.46794E-19  0.70806E-21
-0.37120E+03  0.11312E-01  0.35670E-19  0.53884E-21  0.11312E-01  0.35676E-19  0.53982E-21
-0.37100E+03  0.11312E-01  0.30917E-19  0.46705E-21  0.11312E-01  0.30922E-19  0.46790E-21
-0.37080E+03  0.11312E-01  0.32877E-19  0.49665E-21  0.11312E-01  0.32882E-19  0.49756E-21
-0.37060E+03  0.11312E-01  0.42117E-19  0.63623E-21  0.11312E-01  0.42124E-19  0.63739E-21
-0.37040E+03  0.11312E-01  0.59084E-19  0.89255E-21  0.11312E-01  0.59094E-19  0.89418E-21
-0.37020E+03  0.11312E-01  0.82312E-19  0.12434E-20  0.11312E-01  0.82326E-19  0.12457E-20
-0.37000E+03  0.11312E-01  0.10692E-18  0.16152E-20  0.11312E-01  0.10694E-18  0.16182E-20
-0.36980E+03  0.11312E-01  0.12539E-18  0.18942E-20  0.11312E-01  0.12541E-18  0.18977E-20
-0.36960E+03  0.11312E-01  0.13083E-18  0.19763E-20  0.11312E-01  0.13085E-18  0.19799E-20
-0.36940E+03  0.11312E-01  0.12080E-18  0.18249E-20  0.11312E-01  0.12082E-18  0.18282E-20
-0.36920E+03  0.11312E-01  0.98948E-19  0.14947E-20  0.11312E-01  0.98964E-19  0.14975E-20
-0.36900E+03  0.11312E-01  0.72974E-19  0.11024E-20  0.11312E-01  0.72986E-19  0.11044E-20
-0.36880E+03  0.11312E-01  0.50519E-19  0.76317E-21  0.11312E-01  0.50528E-19  0.76456E-21
-0.36860E+03  0.11312E-01  0.35938E-19  0.54289E-21  0.11312E-01  0.35944E-19  0.54388E-21
-0.36840E+03  0.11312E-01  0.30186E-19  0.45601E-21  0.11312E-01  0.30191E-19  0.45684E-21
-0.36820E+03  0.11312E-01  0.33217E-19  0.50179E-21  0.11312E-01  0.33222E-19  0.50270E-21
-0.36800E+03  0.11312E-01  0.46023E-19  0.69524E-21  0.11312E-01  0.46030E-19  0.69650E-21
-0.36780E+03  0.11312E-01  0.69869E-19  0.10555E-20  0.11312E-01  0.69880E-19  0.10574E-20
-0.36760E+03  0.11312E-01  0.10304E-18  0.15566E-20  0.11312E-01  0.10306E-18  0.15594E-20
-0.36740E+03  0.11312E-01  0.13825E-18  0.20885E-20  0.11312E-01  0.13828E-18  0.20923E-20
-0.36720E+03  0.11312E-01  0.16397E-18  0.24770E-20  0.11312E-01  0.16400E-18  0.24816E-20
-0.36700E+03  0.11312E-01  0.16988E-18  0.25663E-20  0.11312E-01  0.16991E-18  0.25710E-20
-0.36680E+03  0.11312E-01  0.15300E-18  0.23112E-20  0.11312E-01  0.15302E-18  0.23154E-20
-0.36660E+03  0.11312E-01  0.11978E-18  0.18095E-20  0.11312E-01  0.11980E-18  0.18128E-20
-0.36640E+03  0.11312E-01  0.82435E-19  0.12453E-20  0.11312E-01  0.82449E-19  0.12476E-20
-0.36620E+03  0.11312E-01  0.51989E-19  0.78537E-21  0.11312E-01  0.51998E-19  0.78680E-21
-0.36600E+03  0.11312E-01  0.33563E-19  0.50702E-21  0.11312E-01  0.33569E-19  0.50795E-21
-0.36580E+03  0.11312E-01  0.27001E-19  0.40788E-21  0.11312E-01  0.27005E-19  0.40863E-21
-0.36560E+03  0.11312E-01  0.31445E-19  0.47502E-21  0.11312E-01  0.31450E-19  0.47589E-21
-0.36540E+03  0.11312E-01  0.48791E-19  0.73706E-21  0.11312E-01  0.48799E-19  0.73840E-21
-0.36520E+03  0.11312E-01  0.82005E-19  0.12388E-20  0.11312E-01  0.82018E-19  0.12411E-20
-0.36500E+03  0.11312E-01  0.12929E-18  0.19532E-20  0.11312E-01  0.12931E-18  0.19567E-20
-0.36480E+03  0.11312E-01  0.17970E-18  0.27146E-20  0.11312E-01  0.17973E-18  0.27196E-20
-0.36460E+03  0.11312E-01  0.21547E-18  0.32549E-20  0.11312E-01  0.21550E-18  0.32609E-20
-0.36440E+03  0.11312E-01  0.22116E-18  0.33410E-20  0.11312E-01  0.22120E-18  0.33471E-20
-0.36420E+03  0.11312E-01  0.19339E-18  0.29214E-20  0.11312E-01  0.19342E-18  0.29267E-20
-0.36400E+03  0.11312E-01  0.14345E-18  0.21671E-20  0.11312E-01  0.14348E-18  0.21710E-20
-0.36380E+03  0.11312E-01  0.90528E-19  0.13676E-20  0.11312E-01  0.90543E-19  0.13700E-20
-0.36360E+03  0.11312E-01  0.50313E-19  0.76005E-21  0.11312E-01  0.50322E-19  0.76144E-21
-0.36340E+03  0.11312E-01  0.28105E-19  0.42456E-21  0.11312E-01  0.28109E-19  0.42533E-21
-0.36320E+03  0.11312E-01  0.21186E-19  0.32005E-21  0.11312E-01  0.21190E-19  0.32063E-21
-0.36300E+03  0.11312E-01  0.27262E-19  0.41184E-21  0.11312E-01  0.27267E-19  0.41259E-21
-0.36280E+03  0.11312E-01  0.50095E-19  0.75676E-21  0.11312E-01  0.50104E-19  0.75814E-21
-0.36260E+03  0.11312E-01  0.95975E-19  0.14498E-20  0.11312E-01  0.95991E-19  0.14525E-20
-0.36240E+03  0.11312E-01  0.16340E-18  0.24683E-20  0.11312E-01  0.16342E-18  0.24728E-20
-0.36220E+03  0.11312E-01  0.23571E-18  0.35607E-20  0.11312E-01  0.23574E-18  0.35672E-20
-0.36200E+03  0.11312E-01  0.28542E-18  0.43116E-20  0.11312E-01  0.28546E-18  0.43195E-20
-0.36180E+03  0.11312E-01  0.28945E-18  0.43725E-20  0.11312E-01  0.28949E-18  0.43805E-20
-0.36160E+03  0.11312E-01  0.24449E-18  0.36933E-20  0.11312E-01  0.24453E-18  0.37001E-20
-0.36140E+03  0.11312E-01  0.17007E-18  0.25692E-20  0.11312E-01  0.17010E-18  0.25739E-20
-0.36120E+03  0.11312E-01  0.96164E-19  0.14527E-20  0.11312E-01  0.96179E-19  0.14553E-20
-0.36100E+03  0.11312E-01  0.44685E-19  0.67502E-21  0.11312E-01  0.44692E-19  0.67625E-21
-0.36080E+03  0.11312E-01  0.19655E-19  0.29692E-21  0.11312E-01  0.19659E-19  0.29746E-21
-0.36060E+03  0.11312E-01  0.13211E-19  0.19957E-21  0.11312E-01  0.13213E-19  0.19993E-21
-0.36040E+03  0.11312E-01  0.20704E-19  0.31277E-21  0.11312E-01  0.20708E-19  0.31334E-21
-0.36020E+03  0.11312E-01  0.49652E-19  0.75007E-21  0.11312E-01  0.49660E-19  0.75143E-21
-0.36000E+03  0.11312E-01  0.11257E-18  0.17006E-20  0.11312E-01  0.11259E-18  0.17037E-20
-0.35980E+03  0.11312E-01  0.20892E-18  0.31560E-20  0.11312E-01  0.20895E-18  0.31617E-20
-0.35960E+03  0.11312E-01  0.31302E-18  0.47286E-20  0.11312E-01  0.31307E-18  0.47372E-20
-0.35940E+03  0.11312E-01  0.38208E-18  0.57719E-20  0.11312E-01  0.38215E-18  0.57824E-20
-0.35920E+03  0.11312E-01  0.38163E-18  0.57651E-20  0.11312E-01  0.38170E-18  0.57756E-20
-0.35900E+03  0.11312E-01  0.30968E-18  0.46781E-20  0.11312E-01  0.30973E-18  0.46867E-20
-0.35880E+03  0.11312E-01  0.19959E-18  0.30150E-20  0.11312E-01  0.19962E-18  0.30205E-20
-0.35860E+03  0.11312E-01  0.97959E-19  0.14798E-20  0.11312E-01  0.97975E-19  0.14825E-20
-0.35840E+03  0.11312E-01  0.34710E-19  0.52435E-21  0.11312E-01  0.34716E-19  0.52530E-21
-0.35820E+03  0.11312E-01  0.94915E-20  0.14338E-21  0.11312E-01  0.94931E-20  0.14364E-21
-0.35800E+03  0.11312E-01  0.48074E-20  0.72623E-22  0.11312E-01  0.48082E-20  0.72755E-22
-0.35780E+03  0.11312E-01  0.12450E-19  0.18807E-21  0.11312E-01  0.12452E-19  0.18841E-21
-0.35760E+03  0.11312E-01  0.47272E-19  0.71412E-21  0.11312E-01  0.47280E-19  0.71542E-21
-0.35740E+03  0.11312E-01  0.13308E-18  0.20104E-20  0.11312E-01  0.13310E-18  0.20140E-20
-0.35720E+03  0.11312E-01  0.27136E-18  0.40993E-20  0.11312E-01  0.27140E-18  0.41067E-20
-0.35700E+03  0.11312E-01  0.42196E-18  0.63743E-20  0.11312E-01  0.42203E-18  0.63859E-20
-0.35680E+03  0.11312E-01  0.51788E-18  0.78233E-20  0.11312E-01  0.51797E-18  0.78376E-20
-0.35660E+03  0.11312E-01  0.50772E-18  0.76698E-20  0.11312E-01  0.50780E-18  0.76837E-20
-0.35640E+03  0.11312E-01  0.39347E-18  0.59439E-20  0.11312E-01  0.39353E-18  0.59547E-20
-0.35620E+03  0.11312E-01  0.23163E-18  0.34991E-20  0.11312E-01  0.23167E-18  0.35055E-20
-0.35600E+03  0.11312E-01  0.94309E-19  0.14247E-20  0.11312E-01  0.94325E-19  0.14273E-20
-0.35580E+03  0.11312E-01  0.21097E-19  0.31869E-21  0.11312E-01  0.21100E-19  0.31927E-21
-0.35560E+03  0.11312E-01  0.12224E-20  0.18465E-22  0.11312E-01  0.12225E-20  0.18499E-22
-0.35540E+03  0.11312E-01  0.23546E-22  0.35506E-24  0.11312E-01  0.23543E-22  0.35686E-24
-0.35520E+03  0.11312E-01  0.43157E-20  0.65194E-22  0.11312E-01  0.43164E-20  0.65314E-22
-0.35500E+03  0.11312E-01  0.42917E-19  0.64833E-21  0.11312E-01  0.42924E-19  0.64951E-21
-0.35480E+03  0.11312E-01  0.15955E-18  0.24102E-20  0.11312E-01  0.15957E-18  0.24146E-20
-0.35460E+03  0.11312E-01  0.35934E-18  0.54283E-20  0.11312E-01  0.35939E-18  0.54382E-20
-0.35440E+03  0.11312E-01  0.57848E-18  0.87387E-20  0.11312E-01  0.57857E-18  0.87547E-20
-0.35420E+03  0.11312E-01  0.71156E-18  0.10749E-19  0.11312E-01  0.71168E-18  0.10769E-19
-0.35400E+03  0.11312E-01  0.68223E-18  0.10306E-19  0.11312E-01  0.68234E-18  0.10325E-19
-0.35380E+03  0.11312E-01  0.50186E-18  0.75812E-20  0.11312E-01  0.50194E-18  0.75950E-20
-0.35360E+03  0.11312E-01  0.26534E-18  0.40084E-20  0.11312E-01  0.26538E-18  0.40157E-20
-0.35340E+03  0.11312E-01  0.83637E-19  0.12635E-20  0.11312E-01  0.83651E-19  0.12658E-20
-0.35320E+03  0.11312E-01  0.69343E-20  0.10475E-21  0.11312E-01  0.69355E-20  0.10494E-21
-0.35300E+03  0.11312E-01  0.27779E-20  0.41963E-22  0.11312E-01  0.27784E-20  0.42042E-22
-0.35280E+03  0.11312E-01  0.69438E-20  0.10489E-21  0.11312E-01  0.69449E-20  0.10509E-21
-0.35260E+03  0.11312E-01  0.10789E-22  0.16207E-24  0.11312E-01  0.10781E-22  0.16404E-24
-0.35240E+03  0.11312E-01  0.36762E-19  0.55535E-21  0.11312E-01  0.36768E-19  0.55636E-21
-0.35220E+03  0.11312E-01  0.19528E-18  0.29499E-20  0.11312E-01  0.19531E-18  0.29553E-20
-0.35200E+03  0.11312E-01  0.48644E-18  0.73483E-20  0.11312E-01  0.48652E-18  0.73617E-20
-0.35180E+03  0.11312E-01  0.80735E-18  0.12196E-19  0.11312E-01  0.80748E-18  0.12218E-19
-0.35160E+03  0.11312E-01  0.99158E-18  0.14979E-19  0.11312E-01  0.99174E-18  0.15006E-19
-0.35140E+03  0.11312E-01  0.92636E-18  0.13994E-19  0.11312E-01  0.92651E-18  0.14019E-19
-0.35120E+03  0.11312E-01  0.64274E-18  0.97095E-20  0.11312E-01  0.64284E-18  0.97271E-20
-0.35100E+03  0.11312E-01  0.29908E-18  0.45180E-20  0.11312E-01  0.29913E-18  0.45262E-20
-0.35080E+03  0.11312E-01  0.65015E-19  0.98215E-21  0.11312E-01  0.65026E-19  0.98394E-21
-0.35060E+03  0.11312E-01  0.35508E-22  0.53504E-24  0.11312E-01  0.35500E-22  0.53853E-24
-0.35040E+03  0.11312E-01  0.29766E-19  0.44966E-21  0.11312E-01  0.29771E-19  0.45048E-21
-0.35020E+03  0.11312E-01  0.40458E-19  0.61118E-21  0.11312E-01  0.40465E-19  0.61229E-21
-0.35000E+03  0.11312E-01  0.62617E-20  0.94590E-22  0.11312E-01  0.62627E-20  0.94765E-22
-0.34980E+03  0.11312E-01  0.29248E-19  0.44184E-21  0.11312E-01  0.29253E-19  0.44264E-21
-0.34960E+03  0.11312E-01  0.24563E-18  0.37106E-20  0.11312E-01  0.24567E-18  0.37173E-20
-0.34940E+03  0.11312E-01  0.67434E-18  0.10187E-19  0.11312E-01  0.67445E-18  0.10205E-19
-0.34920E+03  0.11312E-01  0.11474E-17  0.17332E-19  0.11312E-01  0.11475E-17  0.17364E-19
-0.34900E+03  0.11312E-01  0.14013E-17  0.21169E-19  0.11312E-01  0.14015E-17  0.21207E-19
-0.34880E+03  0.11312E-01  0.12710E-17  0.19200E-19  0.11312E-01  0.12712E-17  0.19235E-19
-0.34860E+03  0.11312E-01  0.82643E-18  0.12484E-19  0.11312E-01  0.82657E-18  0.12507E-19
-0.34840E+03  0.11312E-01  0.33009E-18  0.49864E-20  0.11312E-01  0.33014E-18  0.49955E-20
-0.34820E+03  0.11312E-01  0.39498E-19  0.59668E-21  0.11312E-01  0.39505E-19  0.59777E-21
-0.34800E+03  0.11312E-01  0.17049E-19  0.25755E-21  0.11312E-01  0.17052E-19  0.25803E-21
-0.34780E+03  0.11312E-01  0.11104E-18  0.16775E-20  0.11312E-01  0.11106E-18  0.16805E-20
-0.34760E+03  0.11312E-01  0.12664E-18  0.19131E-20  0.11312E-01  0.12666E-18  0.19166E-20
-0.34740E+03  0.11312E-01  0.34451E-19  0.52043E-21  0.11312E-01  0.34457E-19  0.52138E-21
-0.34720E+03  0.11312E-01  0.21100E-19  0.31874E-21  0.11312E-01  0.21103E-19  0.31933E-21
-0.34700E+03  0.11312E-01  0.31943E-18  0.48255E-20  0.11312E-01  0.31949E-18  0.48343E-20
-0.34680E+03  0.11312E-01  0.95790E-18  0.14470E-19  0.11312E-01  0.95806E-18  0.14497E-19
-0.34660E+03  0.11312E-01  0.16594E-17  0.25068E-19  0.11312E-01  0.16597E-17  0.25114E-19
-0.34640E+03  0.11312E-01  0.20070E-17  0.30319E-19  0.11312E-01  0.20073E-17  0.30374E-19
-0.34620E+03  0.11312E-01  0.17613E-17  0.26606E-19  0.11312E-01  0.17616E-17  0.26655E-19
-0.34600E+03  0.11312E-01  0.10662E-17  0.16106E-19  0.11312E-01  0.10664E-17  0.16136E-19
-0.34580E+03  0.11312E-01  0.35412E-18  0.53495E-20  0.11312E-01  0.35418E-18  0.53592E-20
-0.34560E+03  0.11312E-01  0.12769E-19  0.19289E-21  0.11312E-01  0.12771E-19  0.19324E-21
-0.34540E+03  0.11312E-01  0.90567E-19  0.13681E-20  0.11312E-01  0.90581E-19  0.13706E-20
-0.34520E+03  0.11312E-01  0.29781E-18  0.44988E-20  0.11312E-01  0.29786E-18  0.45070E-20
-0.34500E+03  0.11312E-01  0.30956E-18  0.46764E-20  0.11312E-01  0.30961E-18  0.46849E-20
-0.34480E+03  0.11312E-01  0.10294E-18  0.15551E-20  0.11312E-01  0.10296E-18  0.15579E-20
-0.34460E+03  0.11312E-01  0.13273E-19  0.20051E-21  0.11312E-01  0.13275E-19  0.20088E-21
-0.34440E+03  0.11312E-01  0.43147E-18  0.65179E-20  0.11312E-01  0.43154E-18  0.65298E-20
-0.34420E+03  0.11312E-01  0.13936E-17  0.21052E-19  0.11312E-01  0.13938E-17  0.21090E-19
-0.34400E+03  0.11312E-01  0.24397E-17  0.36855E-19  0.11312E-01  0.24401E-17  0.36922E-19
-0.34380E+03  0.11312E-01  0.29100E-17  0.43959E-19  0.11312E-01  0.29105E-17  0.44039E-19
-0.34360E+03  0.11312E-01  0.24629E-17  0.37205E-19  0.11312E-01  0.24633E-17  0.37273E-19
-0.34340E+03  0.11312E-01  0.13787E-17  0.20828E-19  0.11312E-01  0.13790E-17  0.20866E-19
-0.34320E+03  0.11312E-01  0.36512E-18  0.55157E-20  0.11312E-01  0.36518E-18  0.55257E-20
-0.34300E+03  0.11312E-01  0.14479E-21  0.21821E-23  0.11312E-01  0.14476E-21  0.21955E-23
-0.34280E+03  0.11312E-01  0.28117E-18  0.42474E-20  0.11312E-01  0.28121E-18  0.42551E-20
-0.34260E+03  0.11312E-01  0.67829E-18  0.10247E-19  0.11312E-01  0.67840E-18  0.10265E-19
-0.34240E+03  0.11312E-01  0.66178E-18  0.99971E-20  0.11312E-01  0.66189E-18  0.10015E-19
-0.34220E+03  0.11312E-01  0.24029E-18  0.36299E-20  0.11312E-01  0.24033E-18  0.36365E-20
-0.34200E+03  0.11312E-01  0.67936E-20  0.10262E-21  0.11312E-01  0.67947E-20  0.10282E-21
-0.34180E+03  0.11312E-01  0.60679E-18  0.91664E-20  0.11312E-01  0.60689E-18  0.91831E-20
-0.34160E+03  0.11312E-01  0.20733E-17  0.31320E-19  0.11312E-01  0.20736E-17  0.31377E-19
-0.34140E+03  0.11312E-01  0.36401E-17  0.54989E-19  0.11312E-01  0.36407E-17  0.55089E-19
-0.34120E+03  0.11312E-01  0.42653E-17  0.64433E-19  0.11312E-01  0.42660E-17  0.64550E-19
-0.34100E+03  0.11312E-01  0.34713E-17  0.52438E-19  0.11312E-01  0.34718E-17  0.52534E-19
-0.34080E+03  0.11312E-01  0.17846E-17  0.26959E-19  0.11312E-01  0.17849E-17  0.27008E-19
-0.34060E+03  0.11312E-01  0.35532E-18  0.53675E-20  0.11312E-01  0.35537E-18  0.53773E-20
-0.34040E+03  0.11312E-01  0.35747E-19  0.54000E-21  0.11312E-01  0.35753E-19  0.54100E-21
-0.34020E+03  0.11312E-01  0.69755E-18  0.10537E-19  0.11312E-01  0.69766E-18  0.10557E-19
-0.34000E+03  0.11312E-01  0.14011E-17  0.21166E-19  0.11312E-01  0.14014E-17  0.21205E-19
-0.33980E+03  0.11312E-01  0.13002E-17  0.19641E-19  0.11312E-01  0.13004E-17  0.19677E-19
-0.33960E+03  0.11312E-01  0.48954E-18  0.73952E-20  0.11312E-01  0.48962E-18  0.74087E-20
-0.33940E+03  0.11312E-01  0.24576E-20  0.37118E-22  0.11312E-01  0.24579E-20  0.37199E-22
-0.33920E+03  0.11312E-01  0.88840E-18  0.13421E-19  0.11312E-01  0.88855E-18  0.13445E-19
-0.33900E+03  0.11312E-01  0.31471E-17  0.47541E-19  0.11312E-01  0.31476E-17  0.47628E-19
-0.33880E+03  0.11312E-01  0.55007E-17  0.83096E-19  0.11312E-01  0.55016E-17  0.83247E-19
-0.33860E+03  0.11312E-01  0.63097E-17  0.95317E-19  0.11312E-01  0.63107E-17  0.95490E-19
-0.33840E+03  0.11312E-01  0.49247E-17  0.74395E-19  0.11312E-01  0.49255E-17  0.74530E-19
-0.33820E+03  0.11312E-01  0.23079E-17  0.34865E-19  0.11312E-01  0.23083E-17  0.34928E-19
-0.33800E+03  0.11312E-01  0.31620E-18  0.47766E-20  0.11312E-01  0.31625E-18  0.47853E-20
-0.33780E+03  0.11312E-01  0.18885E-18  0.28529E-20  0.11312E-01  0.18888E-18  0.28581E-20
-0.33760E+03  0.11312E-01  0.15298E-17  0.23109E-19  0.11312E-01  0.15300E-17  0.23151E-19
-0.33740E+03  0.11312E-01  0.27123E-17  0.40973E-19  0.11312E-01  0.27127E-17  0.41048E-19
-0.33720E+03  0.11312E-01  0.24099E-17  0.36405E-19  0.11312E-01  0.24103E-17  0.36471E-19
-0.33700E+03  0.11312E-01  0.91386E-18  0.13805E-19  0.11312E-01  0.91401E-18  0.13830E-19
-0.33680E+03  0.11312E-01  0.43769E-21  0.65998E-23  0.11312E-01  0.43763E-21  0.66340E-23
-0.33660E+03  0.11312E-01  0.13507E-17  0.20403E-19  0.11312E-01  0.13509E-17  0.20441E-19
-0.33640E+03  0.11312E-01  0.48604E-17  0.73423E-19  0.11312E-01  0.48612E-17  0.73557E-19
-0.33620E+03  0.11312E-01  0.84009E-17  0.12691E-18  0.11312E-01  0.84022E-17  0.12714E-18
-0.33600E+03  0.11312E-01  0.94043E-17  0.14207E-18  0.11312E-01  0.94059E-17  0.14232E-18
-0.33580E+03  0.11312E-01  0.70223E-17  0.10608E-18  0.11312E-01  0.70234E-17  0.10627E-18
-0.33560E+03  0.11312E-01  0.29758E-17  0.44953E-19  0.11312E-01  0.29762E-17  0.45035E-19
-0.33540E+03  0.11312E-01  0.24176E-18  0.36522E-20  0.11312E-01  0.24180E-18  0.36588E-20
-0.33520E+03  0.11312E-01  0.59250E-18  0.89505E-20  0.11312E-01  0.59260E-18  0.89669E-20
-0.33500E+03  0.11312E-01  0.31034E-17  0.46882E-19  0.11312E-01  0.31039E-17  0.46967E-19
-0.33480E+03  0.11312E-01  0.50126E-17  0.75723E-19  0.11312E-01  0.50135E-17  0.75861E-19
-0.33460E+03  0.11312E-01  0.42794E-17  0.64646E-19  0.11312E-01  0.42801E-17  0.64764E-19
-0.33440E+03  0.11312E-01  0.16035E-17  0.24222E-19  0.11312E-01  0.16037E-17  0.24267E-19
-0.33420E+03  0.11312E-01  0.85810E-23  0.11019E-24  0.11312E-01  0.83783E-23  0.14624E-24
-0.33400E+03  0.11312E-01  0.21226E-17  0.32065E-19  0.11312E-01  0.21229E-17  0.32123E-19
-0.33380E+03  0.11312E-01  0.76142E-17  0.11502E-18  0.11312E-01  0.76154E-17  0.11523E-18
-0.33360E+03  0.11312E-01  0.12939E-16  0.19546E-18  0.11312E-01  0.12941E-16  0.19581E-18
-0.33340E+03  0.11312E-01  0.14098E-16  0.21297E-18  0.11312E-01  0.14100E-16  0.21336E-18
-0.33320E+03  0.11312E-01  0.10049E-16  0.15180E-18  0.11312E-01  0.10050E-16  0.15207E-18
-0.33300E+03  0.11312E-01  0.38154E-17  0.57637E-19  0.11312E-01  0.38160E-17  0.57742E-19
-0.33280E+03  0.11312E-01  0.13619E-18  0.20572E-20  0.11312E-01  0.13621E-18  0.20610E-20
-0.33260E+03  0.11312E-01  0.14927E-17  0.22549E-19  0.11312E-01  0.14929E-17  0.22590E-19
-0.33240E+03  0.11312E-01  0.59674E-17  0.90145E-19  0.11312E-01  0.59683E-17  0.90310E-19
-0.33220E+03  0.11312E-01  0.89471E-17  0.13516E-18  0.11312E-01  0.89486E-17  0.13540E-18
-0.33200E+03  0.11312E-01  0.73519E-17  0.11106E-18  0.11312E-01  0.73531E-17  0.11126E-18
-0.33180E+03  0.11312E-01  0.26838E-17  0.40543E-19  0.11312E-01  0.26843E-17  0.40617E-19
-0.33160E+03  0.11312E-01  0.24980E-22  0.34679E-24  0.11312E-01  0.24663E-22  0.40379E-24
-0.33140E+03  0.11312E-01  0.34284E-17  0.51791E-19  0.11312E-01  0.34290E-17  0.51885E-19
-0.33120E+03  0.11312E-01  0.12063E-16  0.18222E-18  0.11312E-01  0.12065E-16  0.18256E-18
-0.33100E+03  0.11312E-01  0.20055E-16  0.30296E-18  0.11312E-01  0.20058E-16  0.30351E-18
-0.33080E+03  0.11312E-01  0.21222E-16  0.32059E-18  0.11312E-01  0.21225E-16  0.32117E-18
-0.33060E+03  0.11312E-01  0.14408E-16  0.21765E-18  0.11312E-01  0.14410E-16  0.21804E-18
-0.33040E+03  0.11312E-01  0.48498E-17  0.73262E-19  0.11312E-01  0.48505E-17  0.73396E-19
-0.33020E+03  0.11312E-01  0.30282E-19  0.45740E-21  0.11312E-01  0.30287E-19  0.45834E-21
-0.33000E+03  0.11312E-01  0.33317E-17  0.50331E-19  0.11312E-01  0.33323E-17  0.50422E-19
-0.32980E+03  0.11312E-01  0.11034E-16  0.16668E-18  0.11312E-01  0.11035E-16  0.16698E-18
-0.32960E+03  0.11312E-01  0.15541E-16  0.23477E-18  0.11312E-01  0.15544E-16  0.23520E-18
-0.32940E+03  0.11312E-01  0.12300E-16  0.18581E-18  0.11312E-01  0.12302E-16  0.18615E-18
-0.32920E+03  0.11312E-01  0.43246E-17  0.65329E-19  0.11312E-01  0.43253E-17  0.65449E-19
-0.32900E+03  0.11312E-01  0.16469E-20  0.24833E-22  0.11312E-01  0.16467E-20  0.24963E-22
-0.32880E+03  0.11312E-01  0.56567E-17  0.85453E-19  0.11312E-01  0.56576E-17  0.85608E-19
-0.32860E+03  0.11312E-01  0.19271E-16  0.29111E-18  0.11312E-01  0.19274E-16  0.29164E-18
-0.32840E+03  0.11312E-01  0.31223E-16  0.47167E-18  0.11312E-01  0.31228E-16  0.47253E-18
-0.32820E+03  0.11312E-01  0.32028E-16  0.48383E-18  0.11312E-01  0.32033E-16  0.48471E-18
-0.32800E+03  0.11312E-01  0.20667E-16  0.31220E-18  0.11312E-01  0.20670E-16  0.31277E-18
-0.32780E+03  0.11312E-01  0.60891E-17  0.91984E-19  0.11312E-01  0.60901E-17  0.92152E-19
-0.32760E+03  0.11312E-01  0.14470E-19  0.21847E-21  0.11312E-01  0.14471E-19  0.21909E-21
-0.32740E+03  0.11312E-01  0.68880E-17  0.10405E-18  0.11312E-01  0.68891E-17  0.10424E-18
-0.32720E+03  0.11312E-01  0.19800E-16  0.29910E-18  0.11312E-01  0.19803E-16  0.29965E-18
-0.32700E+03  0.11312E-01  0.26409E-16  0.39894E-18  0.11312E-01  0.26413E-16  0.39967E-18
-0.32680E+03  0.11312E-01  0.20132E-16  0.30413E-18  0.11312E-01  0.20136E-16  0.30468E-18
-0.32660E+03  0.11312E-01  0.67479E-17  0.10194E-18  0.11312E-01  0.67490E-17  0.10212E-18
-0.32640E+03  0.11312E-01  0.16511E-19  0.24936E-21  0.11312E-01  0.16513E-19  0.24993E-21
